75 76 77 80 82 85 84
49 52 53 55 58 59 61 61
54 57 60 62 66
4 6 8 10 11 14 19
82 85 86 83 85 87 89
85 86 87 86 89 88
69 72 73 76 77 74 75 75
4 6 4 5 8 11 15
6 9 10 12 15 16 15 20
41 43 43 45 48 51
48 51 53 53 56 58 59 58
67 69 71 74 74 77 77
82 83 85 85 89
21 24 26 26 29 31 36
4 7 10 11 15 18 20 21
56 58 60 63 65 69 70 68
24 26 30 32 33 35 35
12 13 15 17 20 24 25 29
52 53 54 57 58 59 63 68
43 46 48 55 58 59
15 16 23 26 27 28 26
49 50 53 56 59 64 64
56 58 59 65 69
3 5 6 8 13 18
45 44 46 47 50 52 54
37 35 36 37 34
53 50 51 53 54 56 56
80 78 79 80 81 83 86 90
32 31 34 37 40 45
76 75 77 79 77 80
26 25 22 24 23
27 26 23 24 25 25
96 93 96 93 97
37 34 35 36 39 36 38 45
68 65 66 67 67 70 72
41 39 42 42 43 40
88 86 89 90 90 91 93 93
24 23 25 26 26 28 32
79 77 77 80 83 88
50 48 50 52 55 58 62 63
39 38 39 41 45 47 48 45
40 38 41 42 44 45 49 49
50 49 53 56 60
74 73 77 80 86
40 37 38 39 42 48 49 50
12 11 17 20 22 23 25 23
74 71 73 75 80 83 83
20 17 23 25 29
32 30 37 39 42 48
80 80 83 86 87
73 73 76 78 80 83 85 82
19 19 22 25 28 30 32 32
43 43 46 49 53
69 69 72 75 80
24 24 25 22 25 27
60 60 58 61 64 65 62
52 52 50 51 53 55 55
56 56 59 56 60
37 37 38 36 38 45
7 7 9 12 12 13 14 16
52 52 55 57 57 56
89 89 89 91 91
7 7 7 10 13 15 17 21
43 43 44 47 50 50 52 58
4 4 5 9 10 11 14 17
11 11 13 17 15
7 7 11 14 14
55 55 58 62 64 66 70
75 75 78 79 81 85 88 94
56 56 63 64 67
5 5 7 10 12 13 18 16
32 32 38 41 43 44 47 47
36 36 43 44 48
9 9 12 17 22
11 15 16 18 20 21 23 26
50 54 55 57 60 62 64 61
86 90 92 94 95 95
84 88 90 93 97
3 7 9 12 15 21
36 40 41 44 47 46 47 50
39 43 45 43 46 47 50 47
84 88 90 87 90 90
2 6 7 4 6 10
31 35 34 35 36 39 45
11 15 15 16 18
1 5 7 9 11 14 14 13
54 58 60 60 63 63
52 56 58 60 60 64
61 65 65 66 71
48 52 55 56 60 61
77 81 84 88 89 86
58 62 63 66 67 71 74 74
71 75 78 81 82 84 88 92
82 86 87 91 98
41 45 48 50 55 58 61
70 74 77 78 83 86 88 85
71 75 82 84 84
19 23 30 31 35
59 63 70 72 77
45 51 53 55 56
8 14 16 19 17
46 52 55 58 58
71 77 79 82 84 87 88 92
68 75 77 80 87
29 35 38 35 36 38 39
34 39 38 41 43 45 42
26 33 35 34 36 39 41 41
85 92 95 92 96
33 38 40 39 40 41 48
83 89 92 93 93 94 95 96
85 92 95 95 97 96
54 59 59 60 61 62 64 64
27 34 35 37 37 41
69 75 77 79 81 81 86
25 30 31 32 36 38
51 58 62 63 64 63
54 61 62 65 69 72 74 74
59 66 68 69 73 76 79 83
14 19 20 24 30
33 40 42 48 51 52
28 33 36 37 42 45 43
44 50 55 58 58
14 21 22 29 30 34
35 40 43 49 52 53 59
63 61 58 56 54 51 53
52 49 46 45 45
74 72 69 68 67 63
80 77 74 73 72 67
77 74 76 73 70 68 67
20 17 16 15 17 19
45 42 41 38 36 35 38 38
55 54 56 53 49
20 18 17 15 14 16 10
17 14 14 12 10 8 6
72 71 69 68 66 66 63 65
31 30 30 27 26 25 24 24
51 49 48 48 47 43
26 24 24 21 20 14
19 18 14 13 10 8
84 81 80 76 78
47 45 41 38 35 35
68 67 64 60 56
74 71 68 66 62 60 54
43 41 38 36 33 27 26
63 60 53 51 54
29 28 23 20 17 16 14 14
46 45 42 39 34 31 30 26
23 21 19 13 11 5
27 29 26 24 23 22 19
86 88 86 83 81 79 81
57 59 57 54 52 50 47 47
21 24 21 18 14
61 63 62 61 59 57 50
96 99 97 98 96 95 92
66 69 71 69 71
41 43 42 39 37 40 37 37
79 82 85 84 80
77 79 77 78 73
22 24 24 22 20
63 66 64 64 66
19 22 22 21 18 18
95 97 97 95 93 91 87
32 33 31 29 29 28 25 18
42 44 43 39 38 36 34 31
27 29 27 24 22 18 20
20 22 18 15 15
68 69 65 63 59
79 81 77 76 73 72 67
68 70 69 63 62 60 59 56
42 44 39 36 33 36
88 90 87 82 81 79 79
66 69 66 59 58 54
70 71 70 68 66 60 54
77 77 76 74 72 71 69 66
43 43 40 37 34 33 36
21 21 20 18 18
34 34 32 29 27 25 22 18
79 79 78 76 73 66
89 89 92 90 88
77 77 75 73 72 73 76
84 84 83 85 85
30 30 28 26 23 22 25 21
22 22 25 23 21 20 15
66 66 66 64 63 62 60 57
75 75 73 70 67 67 68
33 33 33 30 27 25 22 22
55 55 52 50 50 46
40 40 38 38 37 32
63 63 62 58 55
95 95 94 90 92
87 87 85 82 78 78
88 88 84 83 79
85 85 83 79 73
53 53 51 44 42
12 12 7 5 4 6
53 53 48 47 44 44
35 35 32 25 22 18
46 46 39 36 34 27
26 22 21 19 18 15
91 87 86 85 83 85
24 20 17 15 14 14
66 62 60 57 54 50
67 63 62 60 59 57 51
41 37 35 38 37 36 33 31
18 14 15 12 9 8 5 8
37 33 32 30 29 30 30
70 66 64 63 60 61 58 54
34 30 28 26 23 26 24 18
28 24 22 19 16 16 15
54 50 50 48 47 44 41 43
82 78 75 75 75
38 34 34 33 30 29 25
52 48 47 46 46 43 37
20 16 15 13 11 10 6 5
57 53 51 47 48
89 85 83 79 78 76 76
28 24 23 21 17 16 15 11
87 83 79 78 77 74 73 66
63 59 58 56 49 48
87 83 81 74 75
43 39 37 31 31
80 76 75 73 66 62
48 44 43 41 34 27
53 46 43 41 38 37 34
60 55 52 49 46 45 48
56 50 48 46 43 40 37 37
93 86 85 84 82 80 76
20 15 14 11 10 3
73 67 64 63 60 58 59 58
55 49 47 45 47 49
15 10 9 8 7 9 9
44 37 39 37 35 33 31 27
94 87 84 87 80
67 60 60 58 56
72 66 63 63 60 57 60
69 62 60 60 57 55 55
17 10 8 6 6 2
93 88 87 87 82
40 33 31 27 26
58 52 51 50 47 45 41 43
87 82 81 77 77
56 50 47 43 42 40 38 34
86 79 77 75 71 68 62
95 88 86 83 82 76 73
78 73 71 64 65
61 56 51 48 47 47
68 63 58 56 54 50
25 19 14 13 6
49 51 52 54 51
93 94 95 96 96
23 24 26 28 29 31 34 38
83 85 87 88 89 95
66 68 67 68 70
14 15 14 17 15
6 8 6 8 10 10
35 36 39 36 40
38 39 36 39 46
10 11 13 13 16 19
23 25 28 29 31 31 28
63 66 67 67 67
67 70 70 73 77
34 36 39 41 41 42 48
85 87 89 93 94 96
91 92 95 99 98
17 19 22 26 28 28
55 58 60 64 65 69
78 80 84 87 89 91 97
5 7 8 14 15 16 19
2 4 6 9 12 17 19 18
33 35 40 43 44 44
1 4 11 13 17
40 41 43 50 52 59
67 66 68 69 72
40 37 39 40 39
56 55 58 61 61
33 31 32 34 37 39 40 44
58 57 58 60 61 63 65 70
9 8 7 8 11
41 39 37 39 42 43 41
59 58 61 62 65 67 64 64
92 91 94 95 92 93 95 99
89 87 88 86 89 95
81 79 79 82 84 87 90 93
75 73 75 75 74
11 10 11 13 13 14 14
87 85 88 88 92
63 62 65 67 70 70 76
53 50 54 56 59 60 62
7 5 8 11 15 18 21 20
94 91 92 96 96
62 60 63 67 71
9 8 11 14 16 20 26
63 61 66 67 68 71 74
49 47 48 55 52
29 26 28 31 38 41 42 42
49 48 51 57 60 64
65 64 67 74 76 79 84
32 32 35 38 41 44 45
80 80 81 82 85 88 85
77 77 79 80 81 82 82
78 78 81 82 86
26 26 28 30 33 35 42
91 91 92 90 91 92
96 96 93 94 93
73 73 72 74 76 76
89 89 91 90 92 96
22 22 20 23 29
36 36 37 38 39 39 41 44
87 87 90 92 94 96 96 94
55 55 55 58 59 59
33 33 33 35 37 41
76 76 78 81 83 83 86 92
71 71 75 76 77 79
60 60 64 66 63
8 8 11 15 18 20 21 21
20 20 24 26 28 29 32 36
23 23 27 30 35
28 28 33 36 38 41 43
45 45 46 48 50 55 53
3 3 4 5 10 10
72 72 74 75 78 83 85 89
44 44 50 52 58
1 5 7 10 12
83 87 89 92 94 96 93
74 78 81 84 86 87 87
73 77 78 80 82 85 88 92
47 51 52 55 57 59 64
7 11 12 9 12 15 17
50 54 55 52 54 51
35 39 36 38 41 44 44
89 93 91 92 94 98
31 35 32 33 35 36 41
60 64 64 67 68
18 22 25 25 23
48 52 55 55 55
39 43 43 46 50
17 21 23 26 29 29 32 37
33 37 40 44 47
23 27 31 33 35 34
64 68 72 73 74 74
20 24 25 29 32 36
46 50 53 57 60 62 65 70
60 64 67 74 77 79
51 55 56 63 64 65 68 65
14 18 23 26 27 30 32 32
40 44 50 53 55 58 59 63
30 34 36 37 38 44 51
43 50 53 55 56 58
63 68 69 70 69
63 69 70 72 72
34 40 41 43 46 47 49 53
40 45 47 49 51 57
6 13 15 18 15 17 19
4 10 11 9 10 11 8
27 34 37 40 42 41 43 43
76 82 85 83 86 90
22 27 26 27 34
47 53 53 55 58
52 59 59 61 63 65 68 66
17 23 26 27 30 30 31 31
16 23 26 29 29 32 36
52 57 60 60 63 66 73
23 29 30 34 36
4 11 13 17 14
20 25 26 30 32 34 34
62 69 73 76 77 81
34 41 44 48 50 55
47 53 55 61 63
40 45 48 51 57 60 61 59
68 75 81 83 86 87 90 90
68 74 77 82 83 86 90
49 54 55 61 62 64 65 71
60 57 56 54 53 50 51
97 94 93 92 90 88 86 86
67 64 62 61 57
74 72 71 68 65 59
97 94 95 92 91 90 89
72 70 68 67 66 68 69
76 73 70 67 66 63 64 64
30 29 26 25 28 25 22 18
77 76 74 75 69
88 85 82 82 80
73 72 69 67 64 61 61 62
61 60 58 58 55 55
47 46 43 43 42 41 37
16 15 13 12 12 10 3
26 25 23 19 16
71 68 66 62 60 59 56 57
55 52 50 46 45 42 41 41
96 93 92 88 87 86 82
87 84 80 77 74 73 68
42 39 36 33 32 25 23
93 92 91 88 86 80 79 81
87 86 85 84 77 77
84 83 80 79 74 73 70 66
94 91 90 83 76
8 9 8 5 2
15 17 16 15 13 10 13
75 78 77 75 74 73 73
50 51 49 47 45 41
60 63 61 58 51
8 10 9 10 9 8 5 3
51 54 52 49 52 50 48 50
46 49 52 50 48 48
27 30 28 30 28 26 22
53 54 56 55 54 51 44
52 55 52 52 49 46 44 43
76 79 78 78 80
59 60 58 57 54 53 53 53
28 30 29 27 27 23
22 23 20 20 17 14 9
53 56 55 53 49 47 45 43
67 70 66 63 65
84 87 85 81 78 76 76
47 48 47 43 42 38
27 28 25 21 20 15
75 77 72 70 69
19 20 18 17 14 9 7 10
53 55 48 47 44 44
94 95 89 87 86 85 83 79
93 95 89 88 86 81
28 28 27 26 23
21 21 18 17 16 19
68 68 66 63 62 60 57 57
70 70 68 65 61
21 21 20 19 17 15 13 6
33 33 31 30 32 31 28
32 32 29 31 28 25 28
20 20 18 15 12 9 10 10
25 25 22 24 22 18
92 92 95 93 86
12 12 11 9 6 4 4 3
45 45 43 40 37 37 40
4 4 3 3 3
8 8 7 7 6 2
14 14 12 10 9 7 7 1
18 18 16 14 11 9 5 3
31 31 27 26 23 20 21
31 31 29 26 22 21 21
48 48 46 45 43 42 38 34
93 93 90 88 86 85 81 74
30 30 27 22 20
92 92 87 85 88
77 77 75 74 71 69 62 62
25 25 23 20 17 16 10 6
82 82 76 75 74 67
20 16 14 12 10 8 7 6
50 46 44 42 39 41
78 74 71 68 68
54 50 47 45 42 41 37
99 95 92 91 89 82
74 70 71 70 68 65
55 51 50 52 49 52
72 68 66 67 65 65
33 29 30 27 24 22 21 17
71 67 64 67 61
51 47 44 42 42 39
63 59 59 56 53 55
81 77 75 73 73 71 71
22 18 18 15 13 9
80 76 76 73 66
54 50 46 43 40
87 83 82 78 75 73 71 74
14 10 9 5 5
37 33 29 26 25 22 20 16
94 90 88 86 85 81 76
45 41 39 32 30
83 79 78 73 74
94 90 89 88 83 83
46 42 39 36 34 27 26 22
22 18 13 10 5
44 37 34 31 30
51 45 44 42 41 44
30 24 21 20 19 17 15 15
59 53 50 47 43
30 25 24 23 18
52 47 49 46 43 41 40
36 31 28 29 26 23 20 21
13 7 10 8 7 4 4
82 75 74 73 71 68 69 65
77 70 68 67 68 67 60
17 12 10 8 7 6 6 3
83 76 73 72 71 71 72
84 78 77 76 75 75 75
54 49 48 47 45 45 41
90 84 83 81 78 78 72
63 58 54 51 50 47 45
39 33 29 27 28
83 78 74 71 71
74 68 65 63 59 56 52
41 35 32 30 26 19
42 35 34 32 25 23 20
45 40 39 38 36 35 29 31
62 55 52 51 49 48 43 43
61 56 55 49 47 45 41
58 51 49 47 41 38 32
57 56 54 54 53 50 53
62 61 64 61 63 64 68
43 38 38 35 32 30 24
76 80 84 87 89 90 92 92
56 60 62 69 72
55 49 48 51 50 53
77 73 72 69 65
35 32 33 35 37 41 46
92 89 86 82 81 84
85 81 83 82 79 77 75 75
59 56 53 50 47 47 44 41
46 50 52 54 53 54 54
76 75 78 81 81 82 82
85 78 71 70 68
51 48 49 51 58 59 57
31 33 36 33 34 38
51 47 44 40 37 36 31
61 60 65 66 69 73
10 10 11 12 13 17
1 7 8 9 15 21
70 71 73 74 75 78 79 83
32 35 33 34 35 38
35 40 41 38 40 42 49
51 50 47 45 42 41 34
52 52 49 50 49
21 20 18 15 14 12 11
37 39 42 43 44 46 49 52
73 76 78 81 82 83 86 88
17 19 20 22 24
90 88 86 84 81 80 77
76 75 74 71 68 66 63 62
42 41 39 38 37 36 33 30
96 93 91 90 87
18 20 23 24 25 28
46 49 51 52 55
48 45 42 41 40 39
71 69 66 64 61
25 22 19 18 17
43 46 49 52 55 58 60
48 46 43 42 40 39 38 35
68 69 72 73 74
88 89 90 93 95
68 71 72 73 76 78 80 82
87 89 91 93 94 95
93 92 91 90 88 86 83 80
43 41 39 37 34 31
98 95 94 92 89 86
92 91 90 89 86 84 83
84 82 81 79 76
40 39 38 35 32 31 29
79 77 75 72 70 69
33 32 31 29 26 24 22 19
76 73 72 71 68 67
79 81 82 83 84 87
70 68 65 64 63 60
58 55 52 51 49 46
17 18 21 22 23
73 74 75 76 79
97 96 93 90 89 86 83 81
20 21 24 25 26 27
51 54 56 59 62 65
66 69 71 72 73
24 22 21 18 16
52 51 50 48 45 43 42 41
64 61 59 56 54
45 43 41 40 37
92 89 87 85 82 81 78 75
34 36 39 41 44 46 48 49
65 66 69 71 74 76
84 85 88 91 93 96
43 42 41 40 39
57 58 60 63 66 68 69
35 36 38 41 42 43 45 46
54 57 58 60 63
76 79 82 85 86 89 90
53 54 56 57 60
89 86 83 82 79
97 94 91 90 88 85 84 81
64 65 66 68 69 70
26 25 22 19 16 14 12
49 46 44 43 42 40
25 23 22 19 17
95 94 91 88 87 86 83 82
15 18 20 22 24 25 26
13 11 8 5 4 3
14 12 11 8 7 4 3
40 38 36 35 33 30 27
30 28 25 22 21 18 17
22 23 25 26 29 31 33 34
96 93 91 88 87 84
89 86 84 81 79 77
61 59 57 54 53 50 48
84 83 82 81 78 75
58 56 54 51 49 48 46 45
87 84 83 82 81 80 79 78
27 26 24 23 21 18
13 15 17 20 21 24 25 28
29 30 33 34 37 40
65 64 62 61 60
46 45 43 42 39 37
62 64 66 69 72 74
3 5 8 10 13
74 77 80 81 83 84 87
82 83 86 87 90 92 94
80 78 75 72 70 69 67
17 14 13 11 8 6
39 38 37 35 34 31 30 27
65 68 69 71 72
27 24 23 22 20 17 16
8 9 10 13 15 18
89 87 86 84 83
79 76 75 74 71 69 66 63
20 18 15 13 12 11 10 9
11 12 14 15 17 20 22
99 98 96 93 90
29 30 32 33 35 37
71 73 76 79 82 83 84
63 62 60 57 56
84 82 79 77 74 73 70
61 62 64 67 68 71 74
36 33 31 29 26
78 75 73 72 70
63 61 58 56 55 52 49 48
26 27 28 30 32 35
56 54 53 51 49
63 61 59 56 55
75 76 78 79 82 84 86 89
56 54 53 50 47 46 44
27 26 23 22 21 20 17 15
79 81 84 86 89 92
88 85 82 79 78 77 76 74
92 89 87 84 83
98 95 93 90 89 88
19 16 14 11 8 5
67 69 70 73 76
13 16 17 20 21 23 26 27
94 93 92 91 90
40 38 36 34 32
6 7 9 11 13 15 16
52 53 54 56 57 58 60 62
46 45 43 41 40 37 36
66 64 61 59 58
15 18 19 21 23 25 26 28
57 58 61 62 64 65 68 71
79 80 83 85 87 89 90
55 56 59 60 61 63 65
40 38 37 34 31 29 28 26
6 9 12 14 15 17 20
23 22 19 17 15
82 83 84 85 86 88 90
48 46 44 41 38 36 34
55 56 58 60 62 65
82 84 87 88 91 93 95
5 7 8 9 10 11 13 15
43 41 39 37 36 35
17 19 20 21 24
42 45 48 50 53 54 55
57 56 55 53 50 47
46 45 44 43 42
18 15 13 12 10 9
28 26 25 23 22 20 19 18
17 14 13 12 11 8 7 6
91 94 96 97 99
57 54 53 50 48 46 44
54 52 49 48 46
22 20 19 18 16 15 13 11
49 48 45 42 41
59 61 64 67 70 73 75 77
27 25 23 20 18
26 27 28 30 31 34
37 38 40 42 44 47 48
91 88 86 85 84 82 80
35 34 33 30 27
5 8 11 12 13 14 16 19
35 33 32 31 30 29
37 36 35 34 31 29 26
16 14 13 10 8
17 19 21 22 23 24 25
54 56 57 58 60 62 63 66
8 10 12 14 17
16 14 11 8 5
48 45 42 39 37 36 33 31
8 11 14 17 20 22 25 26
91 89 88 87 85 82
26 24 22 21 20 17 16
44 41 38 36 33 30 27 24
6 8 11 14 16 19
75 77 78 81 82 85 88 91
63 65 67 68 69 72 73
95 93 92 91 88
70 68 66 65 64 63 61 60
83 84 85 88 91 94
57 56 53 50 47 44
37 40 43 45 47 48 49
81 82 83 85 87 90
73 71 69 67 66 64 63 62
78 81 84 85 86 87
89 86 85 82 80 79
58 59 61 62 63 66 67 70
14 13 12 10 8
99 97 96 94 93 91 90 87
62 60 59 58 56 55
79 80 83 85 86 88 91 93
73 72 70 67 66 65 64
11 10 9 8 7
25 28 30 32 33
56 58 61 63 66 68 69
56 54 51 48 46 44 42 40
73 76 79 80 82 83
79 81 84 87 90
27 28 31 34 36 39
54 56 59 62 65 68 71 72
37 40 43 45 48
70 73 75 77 78 80 83
84 85 88 90 91 92
18 15 13 10 7 5 4 2
92 90 88 85 83
43 41 38 36 34 31 29 28
32 29 27 25 22 19
24 25 26 28 31 34
3 6 9 12 13 16 19 20
47 50 53 55 56 58 59
36 38 40 41 44 47
72 74 76 78 79 80 83
13 16 19 21 23 24 26
54 55 57 58 59 62 63 64
29 32 33 35 38 41 44
82 80 79 76 75
60 61 64 67 70
38 35 33 31 29 28 25 23
87 90 93 94 95 97
56 58 60 63 66
49 51 54 57 59 62 65
56 54 51 50 48 45
74 73 72 69 67 65 62 61
39 41 44 46 49 52
38 35 32 29 26
39 37 34 32 31 29 26 24
37 35 33 30 29
17 20 22 24 25
13 14 16 18 20 23 26
72 73 74 75 78
95 94 91 89 87 84 82
60 62 65 66 68
58 60 62 64 65
93 91 90 88 87 86 83 80
38 41 44 46 48 50 51 54
57 56 53 51 48 46 45
24 26 27 28 31 34
94 92 91 88 85 82 79 78
96 93 90 88 86 85 84 81
17 19 22 25 26 29 32
69 68 66 63 62 59 57
15 16 17 18 20 22 25
41 44 45 48 51 53 56
37 40 42 44 47 50 52 53
49 48 46 43 41
6 9 12 13 14 16 17 18
51 53 55 58 59 60 63 66
58 61 62 63 66 68 69 71
76 75 74 71 68 66
1 4 6 7 8 9
48 51 52 53 54 57
35 32 29 28 25 23 21
16 15 12 11 9 7 4
39 42 44 46 48
51 52 55 56 58 60 62 65
75 74 71 69 66
73 71 68 65 62 61 59 57
47 46 45 43 41 38 37
69 72 75 76 79 80
27 29 30 32 35 37
96 93 91 88 85
62 60 58 57 55
54 55 56 58 60 61 62
93 92 91 90 87 86 84
64 65 68 70 72 75
21 23 26 29 31 34
23 20 18 17 16
69 68 65 63 60 57 55
65 67 68 70 73 74
20 21 22 24 27 30 32
55 57 60 61 63 65 66
89 91 92 94 97 98
80 82 83 84 87 90 93 96
88 89 90 92 95
57 59 61 62 64 66 67
42 41 38 36 33 32 29
77 76 75 74 72 70 68 67
24 21 18 17 15
91 90 88 87 85
6 7 9 10 11 13 15 16
97 94 91 88 87 86
32 31 29 28 27
21 20 19 16 13 10 9
41 44 47 50 52 53 56
65 63 61 58 55 53 50 48
60 57 55 52 49 47 45 44
91 90 87 86 85 84 82
54 55 58 61 62 63 66 69
50 51 52 55 56 59 62
46 49 51 52 55 57
48 46 45 42 39
56 54 51 49 47 46 44 41
70 68 65 64 61 58 56 54
50 51 54 57 59
20 21 22 24 25
53 55 58 61 64 67 68
5 7 9 11 13
78 77 74 71 70
15 17 20 23 25 26 29 31
90 88 86 83 81
36 35 32 31 28
10 9 7 5 3 2
43 41 38 36 33
4 6 7 10 13 15
62 60 58 56 53 51 50
20 17 15 12 9 7 4
43 46 47 50 52
19 17 15 12 10 9 8
50 47 44 42 39 38 37
60 59 56 53 52 49 48
45 43 41 39 36 33 30
84 82 81 78 77 75
57 59 62 63 65 67 70
43 46 48 51 53 55
73 72 71 68 67 64 61 58
23 26 29 30 33 36 37
52 49 47 44 43 41
60 57 55 53 52
50 52 53 56 58 60
75 74 73 72 69
77 75 72 69 66 64 63
11 13 16 19 22 25
67 64 61 59 58 56 55 53
78 77 74 73 71 69 67 64
70 67 65 63 62 59
17 16 13 11 9 6 4 1
5 7 8 9 11 14 15
62 61 60 59 56 55
15 12 10 9 7
22 24 26 27 30 33 35
82 84 86 87 89
36 37 40 43 44 45 48
34 33 32 30 29 27 26 25
29 30 33 34 35 38 40
84 86 88 89 91 92 94 96
67 64 63 60 57 56 53
62 64 66 69 70 71
25 26 29 31 33 34
40 37 36 33 30 29 26
68 66 65 63 62 59 57 55
53 55 57 59 60
42 45 47 48 51 53 55
65 66 67 68 69
36 34 31 29 28 25 24
75 78 81 83 84 85
63 60 59 57 54 53 50 49
13 10 9 7 5 4 2
35 38 40 41 43 46 48
19 21 22 25 28 29 32
67 65 63 62 60
45 48 51 52 54
59 61 63 64 65 68 69
9 10 11 12 14 16 19 20
85 86 87 88 90 92 95 98
10 9 7 5 4
9 7 5 2 1
1 2 3 6 9 12 13 16
4 7 8 11 13 15 17 20
74 76 77 80 82 85 87 90
15 17 18 21 22 24
45 48 50 51 54 57
90 92 94 97 98
49 46 43 42 41 38 37 34
21 18 16 13 12 10 7 6
9 11 14 16 17 19 20 22
40 39 36 33 31 30 29
21 22 23 24 25
81 79 76 74 73 70 69 67
16 14 13 12 11 10 9
76 79 80 81 84 85 88
90 88 87 85 84 83 80
99 96 94 92 90 87 84
21 24 25 27 30
67 69 71 74 77 79
54 56 57 58 59 61 62 64
60 63 66 67 70
77 79 81 83 84 86 88
65 62 59 56 55 53 52 51
57 58 59 61 62 65 67
64 62 60 59 56 55
12 14 16 17 19 20
64 66 68 69 71 73
12 11 10 9 8 7 6
68 65 64 63 61
24 21 20 17 16 13 10 7
54 53 51 50 48
99 96 93 91 90 87 84
56 57 60 63 66 69 71
78 77 76 73 71
58 56 53 51 48 47
12 13 16 17 20 22
49 52 54 57 60
72 74 76 78 79 81
29 28 25 23 21 19
29 28 26 25 24 23 20
62 65 68 70 71 74 75 78
63 61 59 57 54 52
22 23 26 29 31 33 34 37
41 44 45 48 49 50 52
26 24 23 21 18
18 21 22 24 27 30 33 36
8 11 13 15 16 19
31 34 35 38 40 42 44 45
37 34 33 31 29 27
81 79 76 73 71 69 68
70 72 73 74 77 80
88 89 92 94 96
13 15 18 19 21 22 25 26
63 64 65 67 70 72
45 42 39 37 35 33 31 30
42 45 47 49 51 52
24 25 26 29 31 34
55 52 49 47 46 44 43 40
87 86 84 82 81
33 31 29 26 23 21
45 42 39 38 37
79 77 75 74 71 70 68
41 42 43 45 48
59 61 64 66 68 69 72 73
78 76 74 71 69 68
76 75 72 70 67 66
81 84 86 88 91 94 95
11 10 7 5 4 2
84 82 79 78 77 75 72 71
26 25 22 20 17 15
28 29 31 32 35 36
29 26 23 21 19 18 16
17 18 20 23 26 28 30 31
12 10 8 5 2 1
80 79 78 76 73 71 70
61 64 65 66 69 71 73
84 86 89 92 94 95 97 99
76 77 78 80 81 83
76 73 71 68 66
81 83 84 85 87
59 60 62 64 66 67 70 73
29 31 34 37 38 39
71 73 74 77 79 81 82
13 16 19 20 23 24 25 28
15 14 12 10 7 6 5 3
41 43 45 47 50 53 55 56
13 15 16 19 22
73 76 77 79 82 84 87
31 32 35 36 38 40
31 28 26 24 23 21
48 46 43 42 41 38 35 32
27 26 24 23 22 20 17
58 55 53 52 50 49 48 47
2 5 6 9 12 15 18
37 38 40 41 44 45 48 50
53 50 49 46 45
15 14 11 9 8 7 6 4
9 8 7 6 4 2
32 33 34 36 39 40
85 82 79 78 76 73 70 67
52 55 56 58 60 61
59 56 55 52 51
88 89 90 92 94
19 18 17 14 13
42 40 37 35 32
34 35 38 39 42 44 45
47 49 51 54 56 58 60 62
38 37 35 33 32 30
48 45 42 40 37 36 35 33
14 15 18 21 23 26
76 75 72 69 67 65 62 59
21 24 26 28 31 32
50 53 56 57 58 61
29 28 26 25 22 19 16 15
77 79 81 84 86 87
20 18 17 15 13 10 9 6
64 65 67 68 70
20 19 17 16 14
78 80 81 84 86
87 88 90 92 93
32 34 37 39 41 43 45 48
95 92 90 87 86
76 74 72 71 68
77 75 74 71 69 68
67 69 72 73 76 79 80 82
92 90 88 85 84 83 81 78
40 37 35 33 30
59 58 56 53 51
45 43 41 39 38
61 64 67 68 70
30 28 25 24 21 19 18 17
76 78 80 83 86
85 88 89 90 91 92
43 42 40 37 35 33 31 29
69 71 74 75 77 80
53 56 59 61 63 65 67 70
48 45 43 41 38 37 34