10720952
3425103
8692924
11526442
15183708
15673763
4561181
10596144
2940403
15288243
3127752
15374645
2717495
15098787
13418323
6880603
8622902
5896683
6450138
1501404
8945007
11833300
11251487
9240368
5879844
10232855
14832802
4339327
11240862
13382101
11527162
132589
16530563
2411863
2437957
8135532
6983095
7087239
6837907
10118492
12601885
426238
13539759
1426820
9049182
6014905
12404390
6304956
11871776
3763468
11900641
5051938
8669268
1020782
9402770
4479895
12331786
9917150
2505880
10991884
1128910
9784916
5289945
7204388
10298829
472708
3781216
4017089
7530021
11710127
9690976
9781809
14260282
9001636
1788800
5155562
9708970
7235152
5462921
13613870
4786771
16214097
14141636
7932220
11936509
10126287
9781258
7082333
240547
10789845
13603485
8212634
3478218
3124404
2924182
1363381
2821433
9617602
7949205
7607229
1860167
11861427
1440568
9689476
1356886
13191496
12820110
14046261
9732675
13129650
3210877
16012897
14527871
14917167
2203601
5475849
185393
6064569
15315007
10057838
3481333
4085360
11565922
13096900
7409158
8003974
10592579
3789440
15212873
538315
2064021
3633981
8431935
4896231
10057061
5531964
7003157
1907530
1363556
10086626
2138361
7026558
7814037
12580778
9833602
10878497
4935549
14267610
10347109
1588793
7203933
8066379
4108969
8177878
13199501
1092283
6120071
2712324
7357221
12673870
14789246
12111383
15358649
4882997
1297292
12222208
16183810
13798362
7367760
2337842
7401410
15891557
15999906
2171605
3664696
6009865
9640071
15591830
1061088
11190071
5549721
14271067
13772607
12387993
1198510
13557321
8502456
2744716
2857798
8579647
9496946
14889693
15396722
7892677
7677561
5451898
14404838
15294154
13439289
3678470
8236207
8699418
5540763
2782072
15810673
3423363
14188759
11317820
10738207
3034841
4604213
11166390
15346996
6560979
14487211
10037416
681679
5639063
8002922
16621679
5509004
11000394
5361927
2148587
939766
3957127
4093165
10277775
3558426
10017226
7921788
10316828
6789449
9632027
2582540
2064230
10029400
14530350
16705454
6622916
9130591
14002689
1085008
8937915
4472032
14998950
3736463
8515329
1086802
7145855
9532185
13073940
1489224
13430119
2134572
16613698
13355051
10314643
1222985
16091762
7031013
4774386
15178181
4942006
3385915
6033594
8748895
11677525
10916190
16082304
6647163
767478
6887931
11594713
9146656
9599565
11115366
10815449
6299710
8057844
151444
15215909
9279264
3866605
4483443
16279603
9712199
1245380
13846687
10625159
3139667
2062182
13895635
3693383
13021389
12932412
5085511
11013970
7415041
6166423
3796993
5689427
3062591
9712645
12828260
12207823
9598502
6400735
13727882
16269600
2886825
9584162
13984677
8021625
15511484
2894971
14899812
12260049
3326880
12525688
8444010
5182043
12089320
5033918
14488599
16768658
8334926
5403499
12592497
6997889
14899328
8359663
664205
8835805
3726326
16612111
12049633
975328
16536565
14011675
763622
2312066
7119006
16727048
579041
12575906
6699532
2831258
2236467
6502423
6394649
4869781
13405258
8963915
15633519
4702637
8281962
5284360
9787704
5439204
15586456
1469334
5588616
14680549
3328889
2145504
14700888
7118632
12516269
6189442
15880107
15763118
1993416
8695052
2642946
6976910
12272018
9003118
8831497
9317581
915216
3189434
2286570
10708367
1959359
13077954
11830364
9908241
10780647
3907575
14659060
1137080
4764435
6572793
10352606
15457290
970696
7076558
12859021
5015654
10559761
8107665
12693360
16289815
6481677
12114299
15039759
13431696
2865029
12520637
608387
7859082
11628451
315512
16267615
8780066
7170341
1148489
14193065
4801594
1182691
11621237
1450906
6713074
8917328
832921
13708892
2033483
10408541
12796925
16150769
16620269
141445
6742844
12507885
8147311
8595453
152039
10574988
9198957
13507244
8531179
4413212
4909445
16152933
897864
9711250
4987229
6386130
12327791
11456848
12899774
2233295
9388808
3194674
13650726
15548267
14484826
7630829
2294071
953692
2903758
3600077
8803580
906693
7267823
11553231
10540344
7261222
9651822
12974094
2280592
13236919
15487291
5161545
1656574
14076668
15669377
11066407
1215409
11748401
9559994
7000267
4368446
965135
12996946
3437804
6679290
16402125
13815167
10567564
3114576
11798917
11078363
9630735
12182265
13477363
14588482
4218939
5378343
16730939
4679141
13746737
16340477
1764527
866633
4987205
8708362
6531225
15638025
9161737
10254844
8871392
10867084
13074831
4423478
1632473
2937794
12801887
2965428
3121609
8990739
10060856
1102676
4174738
14246179
1537295
8235387
10182317
12115937
16070995
12027121
13949675
1898365
659669
15616478
16605589
8150127
5686296
10124770
1837139
9297284
16677672
8624018
1704905
9241879
8166022
11667400
2762255
5992251
1512644
6318533
4583731
10836315
3743226
6847626
5918606
4487734
14516033
8176984
2841393
16291706
4284330
9449239
13955523
2243188
12804442
15345935
2947835
3741750
10473351
1642287
1447042
3118456
12478767
2079821
5443135
5747779
15624076
1022086
6522142
3914433
12501551
1255766
7778307
11346240
13871322
11000590
7457333
14977630
3256312
15630767
12818288
15435179
16675779
13686707
15296517
3541954
14183131
3166377
4021668
1475775
3434268
11536980
7801886
3463297
4175431
12383639
12448541
14333083
12257003
2934595
2143957
10463270
13956305
11896019
3597549
12898998
486877
3739676
387152
8397776
1030432
14599161
1603891
990187
1753231
2732352
6895238
2544062
10288746
12737421
14451226
6942513
14875929
12572345
12484886
1655414
2838220
10292599
6098398
13390654
8131800
840921
14956358
8827573
15673647
959862
16044539
14620975
14451202
6004318
513038
2363094
11990009
7695885
3299119
16263031
10534375
13389676
11391883
11316691
16495951
8337907
4293458
6355490
14557303
16339483
6288562
471965
1418514
2852761
14230969
2201284
6276336
4779769
12949920
7459809
8091743
16706007
6660654
14160901
16061245
4299062
13731941
7383032
11207124
13088307
1228325
14575167
16089351
2290655
6827428
13104164
3108160
4914931
5565246
8283145
7340261
8743638
2871787
7147984
15137047
332899
10760640
4122413
420270
9848823
12120586
6241772
15309640
13512307
12064023
16551906
16769907
13789708
3021415
2081837
10844878
11826477
6452223
1245646
8329996
12071176
1328263
15788351
8491679
15754260
3243379
13398946
6660285
1298480
1099206
1216427
9055813
4291062
6707963
8199118
2451950
14288018
6053249
14474391
4078551
3623995
6891633
8545842
3010935
11676567
14672037
3939076
1026702
3697218
13580521
1634366
6153584
1827565
2777069
11519426
12466358
2556630
5275583
3803745
10663176
6797476
10909108
2030010
4140846
8450884
6044802
7335740
8037479
5636038
11052977
12491724
6657088
15715617
16498628
6619787
16666629
15506220
5994631
10827473
6773503
13464909
8668783
13384476
11910274
16023025
8316016
655373
11075570
2704444
295109
10181849
5976948
14270004
1217516
11241892
3923782
4064530
1139100
8182073
8601891
6513811
2100950
15037513
16407610
1758879
4999673
3870233
993980
15114249
15378858
4778710
2993420
5883590
4230296
1125463
16394218
1029028
5359201
5102571
1428001
9242205
11115676
15421739
7442003
4837550
11227590
5029716
16423583
14731535
16122329
4411037
8057089
5250506
14296467
11681362
14025783
150090
13067513
7225612
2947360
16214177
534328
9654133
12123997
787921
9809156
8544556
12742940
10055053
9083563
12795967
1457324
11401197
2637674
2655090
8953495
146939
667673
1032235
13190055
2535126
6748973
4941638
2661166
12721117
1954512
8997460
16203430
14097496
4489037
6838788
7790479
4201959
2436938
11289687
9888533
13724743
13022213
13288213
10921947
5774840
11552173
11457198
13045971
4237768
2057725
6221868
3554252
1888364
13249941
8567847
253666
3388161
7932431
8907266
15562912
4026532
13004694
16367512
5232426
13099054
12416948
2505595
13581891
2960538
10750016
14776473
13704841
13555906
12685245
15754926
11179185
1402561
608274
3430736
3420651
9000577
6904941
7423146
14516758
13828868
12473120
3627279
9551014
527408
4603795
2276985
11246996
3031344
4522731
377068
14211031
15895279
11025089
12201778
4288072
3941525
5135390
14153978
12500480
5232303
12469561
3887271
11377005
15865374
6924720
9921108
13019544
12673002
5503666
16307578
12568107
4869060
13999668
3548067
2502872
10571290
308615
1099037
14479625
1805715
6855599
15882064
9960559
13528067
3628665
4476831
12954750
6893077
14316007
16008197
12595820
13016144
16704398
2039984
6586268
1210734
4424296
6369716
15292939
1475237
1662787
14891730
10565457
4553722
6900021
16647877
10344618
7602837
8880271
16520468
9278012
6278827
12109943
6038176
14775200
7166885
2669548
12719955
275089
14095624
1459452
8774717
8224298
5766865
3355892
12493407
5911819
263685
5316857
13694172
2852409
13418411
1976240
3183357
11022170
6436489
5009877
8308901
3501650
9877667
10805309
16490532
9088036
16673266
11480422
12046405
9236027
2563954
9766612
6821486
6323703
3074651
359027
2592843
1535931
5659726
15674851
7750692
8287803
10180597
8507364
4144217
8661024
1833949
7350083
6515400
14561438
3898424
3677546
8359406
14363337
4557182
15772981
8993950
6862576
981831
6633488
1923034
7273587
2753775
4154158
13291014
1164521
2636610
11351162
14864679
13822592
5798883
14621230
15234094
12150500
9668316
9451588
12958595
4003066
939404
433046
2575342
14389754
282108
16685900
1860337
5748105
1774502
6686017
5444940
13117311
2979003
3469647
9108957
12171547
7320092
14416089
9417108
8624484
14212742
14861227
9842246
13057399
4678582
16418848
3072860
727150
8376497
13197994
14700072
14479229
2502660
3858226
9499008
1759431
1664325
1918257
11127507
9413187
9956331
6501747
5734237
7179487
10228828
13233443
6626394
11649756
9907192
15500592
15945311
12171809
3233745
11023982
319430
15763448
16000259
7532950
8105511
11140717
10263182
9000445
5391419
12904472
1373471
1219113
10429014
7389404
590411
368009
11097270
10255522
7308407
9888318
13252174
9706441
6565893
2709646
7844246
3703673
2298646
8907429
13736170
790930
2150651
10470995
3475099
5319789
12230184
11608864
15035278
12669212
15779710
14701648
15790976
13585198
1805512
12087479
5845371
4059783
9031767
14076891
2635496
680450
1018336
4418960
4980186
1812507
972577
1582446
2667708
11584771
10032673
11386463
9003104
13361887
502099
1254254
9005750
7950612
9974450
418069
11215360
1990107
4613445
16102850
14192436
10083664
9538191
13119447
2237587
11626120
15720466
14186270
2420748
13707567
16037421
6396659
14789091
15404118
7883396
9065560
3813513
13014300
1415788
10408920
5761021
6759648
13212397
16752050
1163064
1797813
5863784
6703798
8987213
7456172
7188274
9396569
6702525
14484860
1315118
13203427
12025935
13269007
9353168
4193816
7663177
9967646
5118439
3109287
5344351
3538714
3885609
7756922
11740149
8353324
11180670
11257460
10331775
5442331
2520560
13249614
9727129
322915
4317271
14449479
10602638
10725802
6907623
5170142
10396756
6735191
13331483
7988531
6470355
7578806
9402843
13569467
10566772
9775020
4709156
9591994
3033413
15160990
2308362
9810289
6432998
3006115
4373150
950559
9644940
8174784
11432413
14963467
15130838
2084659
12338912
1108268
7283474
10470795
14385957
2303161
7553202
2129771
7364368
5224112
12997667
5044865
12984512
13407611
4273469
12506457
12348048
15173932
4853879
16693811
4331237
10577701
7659732
12256820
4821852
3785707
14887714
9779618
988384
2155939
15689115
14969085
9670081
6947588
4095818
3438615
5715096
6666445
5810363
12225375
5647256
12710521
15701139
10564565
15913372
12130737
5258329
11240194
10038911
11239939
15154609
1360314
1396744
7861163
12265338
13631757
13775394
3778474
12365572
13069624
15577369
16754978
15563892
13379861
2497825
6785733
12377269
7715239
16072871
3068755
12818477
7379002
3427484
13830267
258350
295285
16401509
6644722
622003
11101345
8758257
8653420
4152944
11698980
3957538
11865881
16583552
4925719
10014651
8658827
13004323
5992340
2127849
11064128
8372467
3173383
2580641
8597209
1394125
3342498
14135867
5297336
291909
5758102
452591
5567245
1775141
1049219
9716281
13668719
11711120
9698309
5895589
3225045
12951012
364009
5004553
4239721
15764776
9753904
6470884
14055604
9062921
12186722
7283517
13854652
14700767
2907989
6699360
4448569
659184
15012853
15065227
9467768
15601012
14161124
9893337
7460237
14063417
14215798
15415722
6455117
16051396
14557839
13764899
14073353
13866712
3626123
3222156
4337232
4989690
5660265
5211346
9361376
12841546
6875107
11810012
6255545
15383136
16314930
1402383
15133834
11664209
12241809
7588845
8821499
16426757
12079011
3088034
16521467
1721898
8934679
12314885
14914821
2254807
6004978
1049029
3446606
494494
3343373
10862649
1339165
7537775
16151361
8930757
308476
2600427
6044138
9817010
15148827
5271594
4314171
1368311
3786553
3688415
1556201
3133597
11709548
2770121
3966879
14831136
16320149
6696736
9488512
5906087
14609596
16408627
3626217
5192135
2605694
16188415
1755502
4724782
10242708
4864669
8763614
14040973
6640832
412371
4314839
8195866
16239585
9356203
14713401
13186057
16360597
2006068
2744684
15576972
4500894
5193415
14879787
1375556
15261812
8076055
2254103
3510079
12442017
8515668
11592949
7909713
2645286
12767520
1148202
11666912
10353354
10057446
6994510
10328091
9912396
7287600
2870930
4534318
4692866
2975028
11821271
16106215
7980014
10477952
724224
13233450
907744
4201189
4503390
8794530
5863464
9533518
3457926
5358114
4443211
3339245
983581
14939011
1437598
13858678
13233330
4055021
7647487
10006431
8267200
12146188
9550534
3647722
2599306
1769744
8614474
10775079
13559139
1379058
12680622
9895795
14514815
1214002
2943196
5483668
7533134
10826496
3162963
13174960
13074622
3281811
13735186
4714777
4011941
15430018
15268138
8584876
6691305
12976098
12928895
1016511
15882178
12947763
12399859
6825739
4058029
1319478
3760307
9885987
11717766
11917653
15666807
7110447
8661045
9435769
15003509
13007484
9340750
7141091
4124229
4634178
13006828
11980048
590954
7866246
12208330
12407682
13548049
16721809
952481
1447949
10686842
9657996
10171513
4643111
14008022
10807598
5948777
16303545
4135621
11844656
16604931
7501586
2498623
10097710
4992600
11251126
2875038
8153643
14696999
7488024
9530520
7679372
1223291
8016796
2484548
11527585
3153026
16105429
1326015
722949
14909974
5332804
10209503
7303236
347875
3527118
13268809
16292069
10416804
13306012
3884400
15317225
1361009
13290253
10424684
3869487
3539337
14065233
5742651
9810363
1597016
9928768
165840
253450
3593739
1272848
13069670
4899775
4208437
8493044
8230618
15797476
12056170
955057
4168252
9656524
15556109
7865834
2161051
9576750
10209207
7397917
11837925
4402859
3957752
10646040
7076333
2137893