2223223335223234342422322225224113422423142441542233322124236224232234222242262232142124444266221211
3212232222232221322223222223212232212152222232122241322222221423224112231222323221231222221312222322
3332444245543363143381512535862762325623248235232164657435326426367633324333853333536333733833357539
1428334335286325923334483344456444262728834114184434543245641731323522323329484556444432628721132422
3222252232322132222212222331222544222232112226432225232222222222141222231221723311115233222222621232
3334361223233442334383233243363325336422522453533442133322433124632333233345243431333523322423233644
2331213393322533432233222222223222332232228161223221222231231421222112212312222222336222212521822329
4424634252414231624436422344333647824261241544534543323434244331532526224251224423222322431237443234
2222212212234222414222212211222222224222222122313112221123221223222122222212121221222222122321323221
1334564426427754756937573533536596455557669575684398856456516737537737544566473376353445574252465657
3431335522633579533353663455599554136366636432554396334483536335333833456345234365161365247284333326
3233332263133622523133337333723333633433333333473336233333633663211223332232332323233634363354633233
2555215432231513242422234132321242221112114355254443455553144331333113515321335141132125412525426789
2522263366242341236362483135612572333385673743536237532353268137268663213235361555318521117236242265
8675685646565776656579676584567958666668482459782884664865656977685666666593757976769464386397686457
3242432212235232355212223112322232223223223223292311232222333123163232422222223224332232213223322234
4343233412126432332524334425254337333435222232316332322335426234313633424332232334533436333324426435
3333333232333423343153323333343333424223132342333343323233333633323132233332332334322332233232233433
8248498668593334334643677856462769286475635469634638448854544673339244344554535444673764446965595944
2222422222242442232224222422228221212233212211231412522222221231132152222222121426222327822224225211
1521223122131223222112122222323333442223133232323141132222162231222222222312212433222432122321521422
6333233442242243413346363338354347422333143323333332622344322335336534333345322432823243321433334343
2345353556434528345436673543454146472446233467554347175833675346363535263443726465444746213483435426
8152242444321223322225266232547313422222354656222535362133323224231122315221321445282552531315621143
2754556585776644486847569459348578443564657566438595549358486936834546556926845474573749453884436556
1221122122222422222122232222222222222231221322325222112232423313131222212221122222231222223342212222
3223222212312231222222333234234221322213432114222313223122132221321323223232232424222332322322343222
2224131123322333233232333722221323341332332333223323332223325212332324342223242423123352212243232364
6677525377545476473346854744776362554678677566724566555479352565547638357674454585556346561764554586
2563641556623344561443336126144546452643143223262363235113553156556354655135434626261111244616232789
2321312112122352332641222222612239811222432732271216125212122111232221322217415121422222223222122232
3335334233223352324422234533133323184533332333414225151855243334343491433334135363443533835332533344
7462577822755463546334474578668747776762866564754774579447653988743765677565696577465655424435766774
3332331433412222422233538342325552235274255434451542533313322533322353322356543222423535313442532432
5763447444466445354745337425444625653352126154376636577576434546571863565532213563451655355664635363
3113267323362243543215455254352152534512214221453456554133434555524524311233431354223626232212566124
2212232222273231211221423222222422321122212222122222422322125123234113135343222123222223422323242221
3212514355223522233223313242234442323326221322344343212342243134223233324231233332227221344548432622
3355233133283328422433343353333237653341432323331422225236324122323824233234533345522344342332322413
4232353222314335124422422434322225124531332223223263321532222524334123322232323233212323423332122112
6444335243543835432334338264343324533233323334634532332236233344163333463446343235423344435143123333
2433135224222223224122222232332511231222222271432512212322126922222172213223122222242122222133133142
3644533334356335334334432353525333533325334333233333435353553632353415345331322325433315533333335324
3226212312253224522222212243222322141322241132122321222212122212412135361112222423432222161121222442
2524252251424335243534534364432222234232334552443342362224452732434326423275342354534334824222272532
2532635253642423275443555371282162333445212356545546827372544243352615544455625242443653452324142335
6349665566544595579978637598365749655456889646496655665756455444856944676549878559544596647352743966
3222121332223222213242333221233425314122333238433342323232222332211121323123122322322232232232242832
3223213224311432134112222243222432124222113532513742222511114225224224322123422225221232321232442221
3537272582727253348355376358436273373533773385355724935635363336773537577256376673356273955439631555
1122242422472422241224213214424112113214222322242422221212322221522121622272312422221622222166234212
4956226652866413454319564564583233236262484311567784546255435963633752376243332332336672332223421227
6373727431323233163532733436345332454662224433733463333492238672322676455462533216243543533239123125
3682223534443223446276582453431235543245252384543225671462146226323262143662235322645434243522353352
3454754454533554359655356525423343349526825122342285545443622233352533233242652482537845436245365242
5243432234333453144224223334263423445514545322433234337424333943344433334242474443224242222434444232
5141246122142234134223432225255236222223232224622225342263432221261432224336233115161132213213322322
5153322821127427142226343222353322222175262117282482322222438523322422328222225263325131211151221522
7122312132227525252134522522226712122321221621332121681222222132223422212132222522222312223222622222
3122423222222226122222214221222413525242212251122222222313212222225144453221235465122221231224222242
2334233134233323323234342424333433122232333243353133222232322352312322222332223333423323223333335222
9746424635656553275544444735345465275747335664645744443744747346777744677477765755677636252776337767
2236541343756637327652455672864231465483626423861537366524855524665545574864752564528646455554538548
4154532244412292224624323447483344642542163375252125312234449216334444424258564632392442442364126224
2151222222322112221224131212332222132212243222142122422222223326211212221222241224212232312223124132
2214251212612227511311511121522222141622222922211222171373322322221251422232112224141422342222232222
3232213212312222324321223323222322223212212531221222222221233222222222222222123122222233234625231211
2222222245221223213224433342121622232212231221132362132242414232232323223552232432233234341211222132
7816573332197181566834245672366262483692255371456476542429557618855286124655162634242443252386356243
2182222233222222222222226131222311222222323122232222122222222222221212222222222263212222222232422222
4233118133222529235222285224212422922225329232112262241422252254212222812324223332242422271244523822
5625214743364436243366428526484632542435278432437625622564732732563352335763453677615356653289347154
2156488574942321544632343543435543335533234443331483534346433572139534535443565353545243376347664355
2331462322263222132323232262233124312252123222332425422432221463222532343342534131332232221413326321
4233666622454235332244741542543133536444333355852363444846444436344634334655527316522835252375435726
4323341443331332443352284321423343363222627221433342421223222232323341443232632234733262325433312324
2212222232253125212211223122222221222222625222222222121211222213622421222222222122222232422212212122
4552552626433645265552353456442252452664442266344566646563536666522433562153323442644354315213646543
5633213563424433234255331442441343532532133225433354333554323344333555332353324335272543235315214215
3322312345342322322321243225223223123322323335213332333343212352123222352232232455243223332233225122
2331662555922345724546982624437584257526455145125634544632466125443859762244246234925224254222942388
4445423342361423232424362433444232224414323442324346444457345463454344224342474344433442432344443444
3332222321323343333233321324333345233132233523332234213332222742323333253529532433337534213123333332
8674767866677657666858876799866775567777796686458765578746757657755847496687644473968766578565557597
2523336353323331323223333332421332332422343332332355222243732133333635343333223322334531432337334216
6866676634297646662727576257767795786466978587748686464987595677654678687357764287656977867787566776
2545832333238426668222233365622336655523323286282134226233825221245225221374432973335454832244152412
4546224336637433463345246344663636654332663336455324546254657454526546144643342242424234673538435654
2333234424546343361313272335334423433623433433434324432452633333416433442433464333482533143453354343
3597555278447566954564354355675875345734245587663724326454565345264465555576327644454656544675467246
5232432233463333653433123533322341322232322461211322263333453333332132632633313333641243361352333433
5643255524216615442555635535542426342464562742263354543343654656154322464534455446524655546654645463
2342233381322332233243441334221323211332252342353533424223343126143333432222323334334442432232346333
1333222312132262222223232223222222122112243122252222223222313221121222222132333322221122222231222342
1721222425522522223436222221624236234186223643322234422762354367262221527282522124222754272344123552
4431373341322236342943334536253232263232623313223333334122333332232322232364333328343728321328331232
5647347545544733648542285444572378225682255332796255371529593355266167544345523321632464617555372492
3232212323223213226252324323222324221222221214224222231221122222222422222222342222112222222223344422
1232214222722344423521213826461333223441112121622222224522231242412232232322649522212122621244722223
5342395463265345333131331436649435352231235866675524543323314324968493451238234433423363222336322523
6233334233534463343634334423421344333434223124244623134355643433453432333333313323325426623344233232
7535735767664565553367856758545735455445564376655636256568778475253675474753672686726564575532223747
4658487474954939247435416384223735557443444548345525444844947474517563442645579617224344554394448454
7559596988765957888579598556777897595757997468587759798975956896856533989497929439744776878746774519
2315229227652262224221428331232123227231253214848122348248213232237624252521222262214226245222912111
2232235221323312242632223334421345224226422222232216123322231323222324422232522242221222331232121312
2336246843443833453146337544347544233423433332333464243333344444343428434234443333326345433134338443
5224236334232323524225233312321332332323265232242251223343333353323434333522445331324323223324333333
3444333333333323533322333323723223333333232463434333333322313133343332432323335233333335133333233234
2322222222373212317322111223522612222214222611412212113132322222413222222123212421322222227121221221
2222312121221214122222522122122122122222323112111224222222222232242522112223132222222253221222424241
3232232122421331343293332634244223543133543233323222213321244253533312332343223222333324231443232324
2223322431122134313222323344241123223123542223431231222432332212222222222222232622222232232271222223
4233533522142454454574532355354425524432542245144552521233251235255243425425435314343541444217431432
2521344225537233436442326445235513229233631422364832211133823323832233425564523332222522221216687527
2222222526232321124221222221223312322221232136323332223333322222222233622223231222322132322222252322
4224124542353342222335236522934334423423322244534322742334432424445422133433453451523246344213124455
2622426234241225525223311322254342513433535252222252212121221235423215513432234521225138223423133424
3344444633723434434443333332364443743464443344253434234333351443243444334343343244444432328423333433
1453686476543954765833856359546669846569645984867573335446564645965857535749557654777788665655667846
6343232513154333353232233322223322214233733222521333234522152753362421433342431223531224222223223153
6732336323443563447347625754343524342526544446644344525247442445564642713835524444534576624544664433
8584755457662528535376664566485845678687635686634465266585744652876286832776543557846765545485845688
4373722628373252856333732734343332367233953623343333335542476253293422344433433377543772533355333336
4225465665552574764251352686377385384465577266144232241663534636764474564564685646737686756461645434
2422242322222433112222234322212352211223221222322222242221223221122242222122222222222522422222232245
3235416435349524344598636556525856361374536533233675937343939563955534646382977456756682855364264644
5345587176637557458333642354335748882353222333454435487766552732568355462144646767577262494632466353
3373443425933333333653143633313324127345344413234344235434233253325236124253334234443324363334336225
4225614822264775992771225424677843373224646225893565692238127227422662221298242861721377223529365422
6414436642526353552876542543323146555555724936236584514534354364543652744563545432694553375423254453
4463333443334343333435433543335322523533443534433324543355435435343333333535247353344434444442345433
3414244442446323459792532222524643673464346333635426322363636364432735463261263544673443454524245636
2533226122332122433222222232122252332423132422212222234232262222312132315323222212435112123212332124
3222322222322212222221422322222224222222522222322222132224412421232112522322122222224222122211222232
5997967599799643946859668685748887589666577775668499873639367985697744796865649499958867377987244967
2421212142222212223422322222412221222421252132822322221122222224231222222245222522222414322122222225
2221223227412213254214125222222246221235222222212122212212222122232242344235222545221121442223112313
6735137136823633322322133232173232325163347254333439313376523532423223214832321333232323432313133222
3315217642224222212475698478642222442392211122261652172221337622233289435228827122522232455223469222
2232222253221127225234122222522222122222211712162222224122723222422222222322322223271282122322242753
4333232443464123226443934644423326434434423322243333465234733594414634436573348464523223334224322443
3825214423554384235562452445415242552322222213723254591445542342364232423323434224155945432552292242
3224582343332352534454524222353552735222321252365336521355524454323524545342722363655244525352425352
4342623384342436426333439337727523914543294542423281427246455846426315361931376321476252357922777237
2135662525666283756692565435516533367556555261564652486374242663676987532437656555366554646366666245
3444444123443542233433243332343114232442424424232332244334642324342321152223442435323433145254333322
5132252322143221432233121213522441532321122132322464232324243322424143214262324242231223331421123242
3423373444442444343353444443544443444143444444334443444454344434444445444414442543415444334744444534
6337485485727338651245535336333546436764373323833336433533327233646533566515434353373555335463435363
3222122324222122122122112232422222323121233224262223212215212222262221122222217222333132421222231232
2332222222324524432232141212244432223122222321222222222233222222223323322123123332221214132322242242
4323122322222223313235412112332222122222343412132222221212123333336222232211222122222242322235122324
5233445463534233447443543246343334433444344433313441432445323344423444124343434444432244352424321344
5651236357455662755753246453326834245334371456551246434645528545632435422515452264246354452255331445
2122212232222222222222222212249212242212245511222113222121224123221222242212131112223243222432121422
5546445335534335556633644443336363554375636446836756617334464254543455756464335556453375332333365632
6253455271651564641757713715324667721626335124766374245461514545461747374215156324375543457671751189
7447323831628545246226435562562283531476444334534429543244834333575248664477447263328324644385273483
1323421832244223143346212212326224232223222231424255524422222322312122342222113225235232233622232245
5655357243433551244666643155744552354553355244543335555374633423653432554424542544434853333445542463
3324753332223353327322354333323462333142543331331424142153453223223113363413323333323454533624633332
9835367235766552648696984946936674792617626456841582362395689525587276396183585648766386857339588629
3853353333542522345313443424355453825958353242232474335349435434272327482344533325433453444342333235
5532817143183416633858483648251215475687732421412212432542476717478173874733384835412331253336768229
2533135145333353352334533534335313322331333321193333333324334232237331333344133326152433533335333153
4532443654757254533354474421774355334354724517434625345232436443753431285473644636354383537477532743
3224133226422234121232363235213612133321222265311322336224242114364362532522652122334352521822325326
2324325232132223222222122212322122122212213122224112221223121221322223122312122222224472422212222212
2244213223142224444211243123112313311222432221311124414442222314323123414424244123142123343134456789
2632243223333373233224222243234413653324264132363224223322332227232234233252336242153323263271132333
3632644722546643447248363234566652422734724585265223674656253555262743262767645142337721772225263337
2222512222211122222231222123233312222232372222222232242322313142222162522292222212621223222223322232
4243434335442346443344472473445444344443445334444444444434433244244332414147443444433443444333333232
3342532333333432423322233133334231332233343233333333433343333322343234323333333333232333333333344323
3212442332233323242212124132213164234335223332223222234224222322133321213322543123342324121423122333
5428343232256385333393534726275532454464533313753365458374235632214535243445555665555646543535334933
2844464776525384963544368735353785434857766294356355276438816725422433348855733367844644334882478444
2432442623352816246342442735726342744223275421323767544763622332332588283249535723574731464329434633
2322222112112112232225223335232221353243322122523223223223222212232213212314433222222311322332224325
2239623244435323354742443322225455353321334253344422245555345594265652444434131583433944444576342535
5444454475454524463341454424455347545488744488343893434434635447337455447344444444463338843334343645
4222221122221225622223252223222154211723282223222252353222221232321241222262222222422222223223252222
2331231213333165233323325732332232262532523152532223373322134211334273134363922356222232333185324642
2242655663235262822276521625376536242442226233274284345459542252112253564411222458191271622275623832
2334442352238631332624333223243223239633333342222232432422232126434324124326834212823442127242343224
5335533333235453645333423253345363335353332723343453454565542435385436545513953558523335343551454534
3222242213222222321422222512223212122221212622122224414242232122241232222121212222121146222212222222
3222222133222222222241242221121322151332222321222222212211332123223212221321211212122221222222225221
6428533643929433544934485363555253735773453454525435653434955743954347555385554533533342523267353533
2222232253522141142265222422411622212222212122121222262322326212222222212832122223622122221112241522
3223242212513132221252852412423222332428222233222222422222223244522382322221213832312422822331323821
5223221414223223423543213243222123424225613422224412454225223522222222324344322222251442224143382524
6343743586333353664437346455433536613338242235422333322735343333534375343313347632453625333763327477
2243232313531231639113212312332362431233333184382253232933329321223322729321271347333324227223312323
3222312221211114222322232112221111274152522122222212142344222622122145211342262422335333512224312212
1325252333223212246132332512232322523212323223232222226221521354343354241122122235224223213339321224
4374434233423334332332233232332721443483444373244322523421332238223253333423233331232333343333233433
4122142122224222221222112212272211412322242122222122223222212222221221322122225212222222212222323221
3213222333211321222223232122222322321232222332234212232412212322224233422422322232232122231312322243