0:
###
.##
##.

1:
###
.#.
###

2:
###
.##
..#

3:
#.#
#.#
###

4:
###
###
..#

5:
..#
.##
##.

49x47: 41 41 34 53 39 32
46x41: 47 51 39 36 56 65
45x49: 43 34 33 47 44 39
46x40: 34 29 31 32 42 27
50x46: 65 66 47 41 80 51
43x39: 22 31 28 31 30 40
43x50: 56 54 66 48 53 56
48x41: 44 48 44 59 54 54
43x44: 40 32 32 25 35 32
41x49: 38 40 26 38 34 32
36x45: 24 34 31 23 28 40
38x45: 54 44 43 40 41 40
40x36: 21 25 33 29 23 25
38x44: 41 43 57 47 28 44
50x44: 58 58 59 56 62 42
36x45: 32 25 32 25 33 32
43x39: 35 29 21 34 27 35
37x41: 24 31 24 19 26 31
44x44: 31 36 28 27 40 34
43x49: 59 60 43 56 55 48
48x39: 37 55 43 43 55 57
47x40: 41 43 42 53 60 50
44x50: 64 60 51 45 64 53
50x49: 44 42 43 48 33 45
39x39: 37 34 41 36 39 51
49x41: 35 31 33 32 39 38
35x36: 31 28 35 37 37 24
48x44: 48 56 49 56 57 60
49x41: 59 45 48 48 55 55
47x42: 58 53 51 48 49 43
38x35: 34 44 35 27 28 38
42x41: 41 50 54 30 44 49
38x47: 57 35 50 56 43 30
37x50: 35 29 29 39 32 28
38x44: 41 40 42 40 47 49
37x40: 35 37 45 34 38 41
47x48: 35 39 46 35 47 38
47x37: 48 42 52 42 42 42
35x36: 30 38 37 32 30 26
48x46: 61 61 56 56 52 53
46x43: 62 59 42 54 42 42
39x50: 43 43 68 53 48 47
48x35: 41 50 42 44 38 44
43x48: 36 37 43 40 38 29
46x40: 31 30 31 34 29 39
49x47: 63 58 59 61 56 57
41x35: 25 23 19 19 25 31
37x35: 18 24 30 21 15 23
38x40: 40 31 44 51 32 36
40x43: 36 47 40 56 45 39
48x35: 36 32 15 30 33 30
46x48: 46 64 75 48 49 62
49x49: 35 45 40 40 49 47
39x35: 32 34 33 37 37 38
40x48: 30 42 36 34 29 36
47x50: 56 58 72 65 56 55
35x47: 40 50 46 37 34 49
44x47: 36 41 38 32 36 27
46x50: 53 56 59 62 61 65
43x47: 42 29 41 29 33 35
46x48: 37 43 36 39 34 50
40x46: 28 29 41 34 37 26
41x40: 42 45 38 41 46 39
35x41: 40 39 36 38 34 33
49x49: 61 75 58 54 65 54
37x39: 32 21 27 19 25 32
41x35: 42 38 39 34 28 42
43x50: 54 54 55 57 51 62
39x38: 41 37 37 50 31 30
45x48: 30 47 47 36 41 38
39x50: 54 45 49 50 52 50
45x46: 44 31 34 44 31 40
43x42: 43 39 46 41 58 53
47x48: 73 53 63 62 42 54
43x47: 50 51 63 53 49 45
39x43: 38 41 43 49 47 39
48x47: 61 71 56 62 47 47
36x45: 30 27 23 30 41 28
46x50: 59 60 61 62 57 54
39x36: 28 24 22 28 23 31
44x46: 55 49 46 53 56 52
38x45: 32 39 25 27 28 28
40x50: 40 30 33 39 34 31
41x48: 34 35 36 25 42 36
39x47: 31 29 28 28 41 37
48x49: 44 39 36 43 48 46
44x50: 40 41 37 32 38 35
40x41: 29 28 37 25 26 23
50x45: 56 56 58 58 62 56
48x44: 50 54 49 70 48 53
36x36: 31 24 24 22 22 20
40x44: 45 42 44 45 49 46
35x45: 37 37 42 46 48 30
38x46: 39 54 54 40 47 33
48x35: 40 40 54 44 37 46
35x35: 17 28 19 14 21 22
46x45: 56 59 56 46 50 52
38x42: 41 40 44 40 41 40
38x35: 39 31 38 36 29 32
44x39: 27 25 33 27 39 31
42x39: 41 46 34 41 43 48
36x38: 21 29 28 23 20 22
39x36: 47 39 36 29 33 31
37x41: 37 42 39 39 42 33
41x46: 46 47 54 54 45 44
35x40: 21 20 25 26 32 18
35x35: 22 16 25 13 27 18
43x49: 36 35 33 33 50 37
35x44: 46 48 27 39 40 34
40x37: 37 34 33 39 42 44
46x37: 43 52 50 43 41 30
48x38: 44 61 41 48 40 46
45x46: 44 36 35 39 33 37
50x39: 28 32 36 36 39 37
50x45: 52 54 51 66 66 56
43x45: 33 39 27 43 28 40
49x41: 44 52 51 57 50 57
43x49: 54 47 58 65 47 54
43x41: 30 33 33 27 20 38
38x50: 57 45 36 49 57 46
48x44: 58 51 57 62 53 41
42x36: 23 25 30 24 36 29
39x38: 37 34 38 53 31 34
38x41: 22 31 24 26 24 28
42x47: 42 46 53 52 61 50
39x48: 44 45 44 44 60 52
42x35: 21 27 24 33 20 28
38x43: 44 40 45 35 42 48
43x44: 45 50 45 41 61 49
46x41: 29 34 27 37 32 36
41x48: 50 55 49 49 52 47
37x39: 18 36 29 19 20 33
49x47: 50 63 59 69 51 64
37x46: 52 51 34 44 36 44
39x41: 40 40 41 43 40 43
44x47: 46 56 58 57 50 52
41x40: 29 28 34 26 26 26
36x41: 42 37 48 37 36 25
36x50: 34 20 35 37 38 28
38x49: 49 43 51 58 32 57
45x49: 53 60 58 62 55 50
36x36: 32 22 20 20 22 27
47x46: 36 36 35 42 38 37
44x41: 52 39 53 46 37 54
35x38: 40 36 32 30 34 32
48x38: 46 42 52 43 58 38
46x42: 43 32 39 26 40 29
47x36: 46 44 40 47 37 47
36x39: 27 23 27 25 25 28
35x36: 53 29 27 27 29 27
36x47: 32 21 27 31 30 38
48x45: 45 37 39 37 41 40
50x46: 47 33 40 46 38 36
40x37: 40 41 29 46 32 39
42x37: 42 44 36 31 45 41
40x36: 37 37 45 31 31 44
40x42: 48 41 54 42 35 39
50x48: 45 41 36 36 49 49
48x46: 55 66 60 42 55 65
42x41: 41 45 47 46 44 42
42x44: 48 50 55 47 50 31
45x38: 27 30 26 31 40 25
37x38: 22 25 17 24 29 27
38x37: 31 37 34 36 41 38
41x42: 26 38 34 24 32 28
39x38: 28 26 33 29 12 28
43x38: 33 41 44 44 55 32
47x36: 30 33 24 32 32 29
43x38: 39 42 53 41 40 37
37x43: 24 35 25 36 16 31
45x44: 59 52 56 44 41 55
49x43: 53 46 53 58 54 63
50x47: 62 63 59 63 53 62
49x48: 54 37 41 35 43 45
49x44: 39 37 35 44 37 32
35x41: 41 34 37 32 40 37
39x50: 38 30 44 34 32 29
35x44: 39 38 36 47 36 41
39x41: 28 27 30 26 33 24
37x48: 52 46 35 48 43 49
44x45: 50 44 58 47 53 55
38x39: 25 25 22 32 30 21
50x40: 44 33 38 39 25 29
46x47: 48 64 55 50 55 63
40x38: 27 37 48 42 36 48
38x40: 40 41 39 41 40 31
38x48: 40 42 54 49 45 54
37x44: 43 46 45 42 36 38
47x37: 48 48 38 43 45 45
39x36: 25 37 37 22 16 19
49x45: 46 50 61 61 58 67
38x43: 45 39 41 31 52 44
38x45: 22 31 32 29 39 27
41x48: 28 32 44 40 35 28
39x35: 27 22 20 20 27 26
49x46: 57 69 51 69 50 47
50x42: 38 47 30 40 34 34
49x41: 49 41 59 45 63 54
43x38: 36 24 25 27 25 31
40x41: 32 22 24 33 26 32
48x40: 34 34 30 32 39 38
35x45: 28 28 27 25 28 28
37x40: 28 22 33 30 24 19
36x48: 39 45 59 45 36 44
38x48: 42 47 44 43 57 48
37x36: 34 46 27 33 28 37
46x45: 33 41 38 35 36 42
41x44: 36 41 27 20 34 24
41x46: 49 46 39 53 56 45
39x49: 55 48 54 39 48 52
48x46: 30 41 34 43 51 40
37x42: 41 42 40 46 36 32
41x40: 40 40 35 42 54 40
39x50: 44 37 31 33 31 32
35x38: 21 23 26 15 19 27
35x39: 28 29 22 17 22 25
43x37: 20 31 22 30 38 27
39x39: 25 33 33 32 17 29
48x41: 30 32 30 42 36 37
47x36: 41 48 48 46 41 35
44x40: 25 33 38 31 25 29
43x47: 31 37 46 30 31 35
48x41: 45 35 26 42 26 33
46x37: 44 52 48 48 32 37
50x46: 46 31 39 41 38 45
42x44: 43 46 49 45 57 44
50x47: 74 71 48 55 52 60
46x45: 61 50 52 53 53 48
40x49: 57 50 50 49 47 48
36x45: 29 35 40 22 23 31
48x45: 56 58 58 56 52 52
38x42: 37 39 38 41 50 40
39x43: 43 39 53 43 43 37
38x47: 40 55 53 49 38 39
45x48: 33 44 38 35 48 42
38x45: 33 45 34 49 55 47
48x41: 26 37 31 40 37 37
43x42: 43 51 49 55 41 37
36x39: 37 33 38 35 29 48
38x39: 38 38 39 44 35 33
37x39: 45 40 41 32 32 31
39x39: 41 36 40 41 43 31
45x45: 32 43 43 36 37 33
48x46: 48 65 58 53 68 45
42x45: 48 43 47 42 67 42
38x50: 34 30 29 39 22 38
42x43: 58 44 43 47 46 37
40x41: 24 30 26 35 29 24
38x49: 48 47 51 50 44 47
41x50: 59 47 47 50 47 70
43x42: 31 34 38 39 24 29
37x45: 27 19 29 40 32 32
42x49: 50 51 39 64 58 53
44x43: 44 30 32 32 29 29
45x35: 32 42 22 25 24 20
40x39: 41 42 32 48 37 39
36x44: 28 24 29 25 23 39
40x41: 22 32 34 35 21 24
38x42: 34 31 29 21 23 29
44x46: 46 63 57 49 49 47
39x38: 34 26 27 21 22 25
44x41: 45 62 44 37 39 52
49x45: 43 61 53 52 69 63
36x43: 37 36 43 45 40 37
46x41: 43 53 55 54 42 43
45x40: 28 39 29 40 32 26
38x35: 41 27 40 30 28 42
48x35: 25 27 34 31 36 22
44x42: 31 39 25 40 22 39
49x47: 34 36 39 38 42 50
38x45: 30 37 19 29 34 31
49x46: 41 38 35 39 42 44
41x48: 35 29 45 27 44 28
43x46: 47 51 55 47 60 43
41x45: 26 41 31 37 30 30
38x40: 33 29 20 23 20 31
41x39: 29 22 33 24 32 29
40x45: 28 42 37 25 30 32
47x37: 50 38 29 45 51 56
35x50: 31 39 37 21 23 25
36x38: 40 31 29 34 33 46
49x35: 34 47 55 43 44 42
41x44: 48 55 41 52 43 35
41x41: 29 32 30 25 30 23
46x47: 48 44 36 30 35 31
35x49: 36 27 27 37 20 28
44x46: 65 60 51 46 37 53
46x40: 34 22 43 30 36 29
40x41: 49 35 47 45 33 45
43x50: 58 54 56 55 54 54
48x46: 37 35 45 53 35 35
38x47: 54 51 42 37 46 44
38x37: 29 35 36 37 30 55
36x48: 47 32 38 45 55 50
42x48: 27 33 50 33 41 40
48x43: 35 38 29 46 35 40
35x49: 41 32 57 47 43 47
46x49: 67 60 54 52 64 46
44x38: 36 39 41 39 58 45
48x35: 36 48 45 51 38 40
35x48: 30 25 31 31 26 33
41x39: 46 42 48 38 40 30
45x39: 42 32 28 31 30 31
45x45: 33 58 56 60 47 61
45x48: 44 32 36 41 43 44
46x47: 36 44 36 36 31 41
44x50: 47 61 66 53 54 60
37x36: 38 23 31 36 45 31
44x46: 37 43 39 37 30 24
48x50: 52 40 39 45 38 41
38x43: 37 41 45 45 45 38
36x39: 29 20 26 32 20 28
43x41: 31 30 22 32 30 37
35x36: 34 36 23 32 32 37
44x37: 28 29 29 35 29 17
46x36: 56 41 38 37 43 38
42x50: 41 33 32 38 36 43
44x38: 29 25 25 31 30 27
48x48: 47 45 35 40 47 42
43x46: 25 39 36 37 36 36
47x50: 41 45 36 36 36 46
35x48: 25 31 32 34 32 22
42x38: 36 33 33 25 17 24
48x50: 53 68 56 61 58 77
41x44: 28 33 24 35 33 29
43x46: 57 38 44 59 56 49
42x35: 24 29 26 28 22 24
41x47: 49 44 49 51 54 50
50x46: 62 60 63 68 45 56
35x40: 25 23 24 26 30 15
44x39: 28 28 31 27 35 33
48x37: 41 28 23 30 31 38
45x43: 42 56 52 59 41 48
49x40: 39 34 35 33 32 34
36x46: 31 34 22 30 35 28
49x37: 30 26 38 30 31 37
40x50: 39 36 31 46 26 29
48x46: 59 64 63 46 54 54
35x38: 22 22 27 15 24 21
36x38: 36 29 32 39 32 45
37x37: 25 22 24 25 20 27
45x49: 34 51 42 39 33 41
46x35: 39 43 35 41 50 38
38x44: 26 24 30 24 30 34
36x50: 35 31 27 35 33 30
36x48: 44 42 40 55 37 49
38x46: 40 55 43 39 44 49
44x36: 32 23 32 26 21 33
45x42: 41 53 48 42 53 56
50x41: 59 50 47 46 57 57
50x35: 48 44 43 48 40 47
49x45: 58 58 62 59 48 55
48x46: 45 38 38 40 37 41
47x48: 53 48 59 54 75 59
42x41: 49 48 35 45 45 41
39x50: 50 49 55 49 40 61
45x35: 54 36 30 43 43 33
38x48: 35 27 26 36 31 37
42x48: 54 50 47 55 59 42
38x45: 30 29 32 29 28 31
35x40: 36 30 34 37 36 45
39x43: 51 41 42 49 37 36
50x50: 43 42 34 49 34 53
40x42: 36 35 28 23 34 25
50x47: 56 48 65 71 66 55
45x35: 46 35 36 38 36 55
37x46: 47 43 49 52 43 23
46x40: 34 32 29 25 38 36
48x46: 42 46 33 50 42 27
38x35: 27 38 38 38 27 39
41x45: 59 54 48 45 36 40
40x42: 29 30 31 35 23 34
41x42: 28 36 33 32 18 34
43x44: 53 46 66 40 43 45
41x40: 29 34 21 28 24 32
43x49: 42 31 39 42 37 32
42x47: 38 31 31 31 42 37
40x48: 29 47 35 21 37 39
47x46: 38 35 38 37 42 34
50x47: 61 55 61 61 59 67
40x47: 44 57 46 55 42 44
48x37: 33 33 29 33 30 34
42x49: 58 40 61 39 67 53
39x48: 42 32 29 30 38 36
39x43: 47 42 38 37 50 44
43x46: 34 34 28 30 43 41
41x38: 47 43 37 47 30 34
45x35: 32 32 37 46 50 47
47x47: 41 38 38 33 36 39
44x49: 40 32 49 39 33 31
48x49: 60 59 62 58 69 52
43x41: 46 44 47 43 48 43
47x39: 27 41 31 28 30 37
49x45: 58 56 49 56 57 65
45x45: 31 34 41 36 52 30
45x48: 61 53 54 50 60 54
44x46: 40 51 51 62 55 53
44x42: 25 31 34 42 29 34
46x38: 19 27 38 25 34 37
35x36: 30 40 33 31 23 39
36x49: 52 43 43 44 52 34
36x43: 39 40 43 27 38 57
45x47: 36 63 57 63 60 44
39x47: 23 29 45 36 38 24
49x47: 39 44 46 36 35 40
49x37: 29 27 37 35 35 28
39x47: 26 41 39 29 25 34
39x44: 30 35 28 31 35 22
45x47: 62 44 60 55 53 52
36x48: 54 43 43 32 55 37
38x43: 40 46 42 33 51 39
44x45: 26 36 33 33 30 52
43x38: 45 31 39 44 48 45
50x44: 71 57 56 46 52 57
42x44: 33 27 18 41 40 37
44x45: 29 33 49 35 28 35
44x37: 43 33 42 42 43 50
46x37: 24 38 32 38 19 29
38x35: 33 30 32 32 43 35
38x41: 40 35 35 38 57 32
47x49: 61 62 45 74 61 46
45x38: 31 25 34 33 31 26
49x39: 39 34 36 28 31 40
41x38: 21 36 22 30 23 24
40x48: 45 43 47 42 65 55
48x44: 34 40 32 45 42 31
45x40: 54 43 43 41 49 47
37x42: 27 25 23 29 33 31
37x39: 38 35 34 34 39 44
40x41: 47 44 39 46 35 41
40x46: 24 33 30 41 41 26
39x37: 34 30 23 19 26 24
40x38: 26 31 23 22 31 22
44x44: 44 50 49 56 52 46
35x39: 43 39 30 32 32 33
40x43: 27 37 33 29 25 30
41x41: 32 27 26 27 33 23
45x37: 38 24 30 28 28 32
45x36: 37 40 34 52 43 43
39x38: 29 27 24 33 19 24
41x40: 41 45 40 46 42 37
38x43: 21 27 31 28 25 35
49x50: 67 76 50 64 59 58
35x46: 30 36 24 30 21 24
36x44: 43 34 48 39 40 41
40x49: 33 35 32 40 40 27
39x37: 40 43 35 41 29 33
49x47: 59 59 62 54 62 59
41x38: 22 23 28 19 25 39
48x39: 50 50 46 58 39 44
43x50: 55 58 69 44 55 51
43x36: 27 28 31 30 28 23
46x38: 26 36 39 29 28 22
39x41: 45 50 37 39 36 38
45x39: 44 52 38 46 50 37
47x42: 46 57 47 47 62 42
43x48: 28 45 40 35 36 39
40x46: 51 44 49 46 41 55
39x37: 22 28 25 34 18 29
36x42: 37 45 38 32 46 33
42x46: 45 49 57 52 53 40
36x43: 29 28 32 29 24 25
47x36: 38 51 35 47 44 45
49x39: 25 30 34 37 41 40
45x37: 32 28 30 37 27 25
39x39: 36 39 41 34 50 33
41x36: 47 37 41 29 33 42
40x45: 28 37 27 38 42 22
39x49: 50 54 51 42 43 57
41x44: 40 46 60 45 42 47
45x37: 43 50 42 33 47 41
43x45: 37 36 42 37 29 29
40x47: 32 25 33 32 40 32
41x37: 19 33 26 25 26 26
43x47: 43 30 39 20 45 33
48x50: 48 35 47 43 39 43
48x41: 48 59 52 45 55 42
41x50: 48 55 46 61 57 46
46x44: 57 47 49 62 48 47
50x46: 36 51 44 37 36 35
44x45: 51 41 53 49 54 60
38x43: 26 27 31 25 27 31
39x39: 42 43 34 31 46 37
47x46: 36 47 33 31 44 33
38x37: 27 29 44 44 32 44
43x39: 43 43 45 48 38 41
37x37: 25 33 40 30 45 40
39x40: 32 51 40 33 43 42
39x41: 43 35 52 41 33 45
38x43: 37 47 47 39 41 41
50x38: 42 37 29 27 28 29
36x50: 30 33 42 31 27 29
35x38: 38 36 34 29 31 38
38x43: 41 47 42 34 52 33
45x49: 40 41 33 39 47 39
36x35: 30 32 33 43 29 25
38x50: 34 29 41 30 25 32
36x41: 22 21 34 29 30 20
48x45: 36 42 41 40 43 37
48x37: 42 51 44 46 36 58
46x50: 56 71 55 57 57 57
37x38: 23 24 30 18 22 26
35x42: 24 21 17 31 33 28
42x42: 37 51 51 44 45 44
48x38: 59 45 45 52 37 41
45x50: 33 37 45 37 40 48
39x43: 33 33 35 19 28 34
36x48: 43 50 49 41 42 41
50x36: 53 47 34 53 43 45
37x37: 38 40 32 31 35 34
50x49: 63 64 62 70 58 59
41x45: 31 35 31 30 31 36
45x39: 39 49 62 38 39 46
45x43: 52 48 51 54 47 45
41x40: 26 27 34 36 21 24
42x39: 47 46 36 41 43 37
45x46: 52 62 45 62 43 54
41x47: 49 51 52 49 45 52
50x46: 67 62 54 68 47 54
47x44: 52 54 50 52 57 53
35x38: 24 15 22 19 27 24
48x49: 62 69 54 58 66 49
42x38: 28 30 21 34 26 28
41x43: 25 30 34 34 31 27
50x43: 52 50 56 51 63 61
44x41: 45 44 47 48 48 46
38x40: 20 24 30 22 32 28
47x40: 46 50 48 38 58 50
44x50: 28 45 35 35 39 41
44x35: 28 24 21 21 25 34
46x48: 68 54 58 58 53 46
40x49: 47 47 52 45 58 54
48x42: 50 50 53 49 66 39
42x39: 41 24 33 31 30 23
40x35: 22 20 23 27 26 25
37x37: 37 34 37 29 40 34
45x46: 46 63 55 51 53 50
47x44: 41 28 27 45 34 34
40x42: 32 31 33 29 24 33
37x50: 44 46 53 48 44 52
44x41: 27 30 32 27 29 36
40x35: 41 31 29 37 40 37
40x48: 37 32 33 30 42 34
40x36: 43 37 43 28 31 42
43x44: 53 40 57 54 46 40
37x36: 32 18 20 31 27 16
39x39: 35 47 36 42 37 36
40x48: 59 44 41 42 53 58
35x43: 27 31 25 23 16 32
50x46: 59 58 50 62 69 53
38x43: 49 46 38 43 34 41
44x48: 60 49 61 56 57 39
47x41: 55 40 53 52 53 42
37x49: 39 40 46 52 43 64
48x47: 58 65 58 64 50 50
41x43: 34 30 35 35 18 29
36x37: 30 22 20 13 21 37
46x36: 41 48 35 45 43 42
44x40: 38 49 43 50 45 46
48x35: 39 34 31 58 45 53
47x44: 52 63 58 51 48 45
46x43: 50 53 43 49 54 56
50x50: 68 65 68 61 61 62
38x46: 26 35 21 29 34 35
46x42: 29 34 36 35 34 41
40x46: 45 44 44 42 56 54
50x38: 47 51 39 52 52 51
43x48: 54 61 46 50 47 61
46x45: 47 63 42 63 50 52
46x50: 71 50 55 60 47 75
46x40: 37 33 26 39 24 35
47x41: 48 60 45 49 53 38
47x50: 57 62 46 61 71 64
39x38: 49 40 38 37 29 34
36x46: 28 33 29 34 33 23
47x48: 60 66 50 62 48 61
36x47: 28 24 27 39 32 30
45x48: 50 52 59 66 49 58
43x49: 33 60 36 38 33 24
45x39: 49 48 41 44 42 46
44x41: 40 53 51 34 53 48
37x35: 32 37 46 25 31 29
37x42: 35 42 46 42 41 32
48x41: 50 47 48 66 40 52
45x41: 23 35 36 38 30 32
38x45: 43 33 26 28 22 28
39x40: 37 41 32 39 53 36
44x39: 44 37 43 45 51 44
43x40: 50 39 58 42 43 31
43x39: 43 36 53 37 49 41
50x41: 42 36 31 35 33 30
36x43: 39 28 39 55 39 38
35x39: 35 36 34 43 32 28
41x35: 37 43 28 40 35 37
41x47: 38 37 30 26 31 33
35x46: 36 44 34 37 55 41
41x39: 31 27 25 30 27 29
40x50: 54 54 49 50 56 42
45x48: 52 52 54 60 60 54
36x46: 33 56 33 41 48 43
47x40: 29 32 35 30 34 34
40x47: 31 28 30 47 29 30
35x45: 28 25 32 31 22 27
37x44: 42 41 35 50 42 39
37x45: 51 48 32 36 45 43
48x43: 53 54 56 43 53 62
50x43: 51 58 62 59 54 45
50x43: 47 34 37 29 29 47
45x39: 36 30 31 44 26 27
49x38: 45 46 49 55 42 51
40x35: 33 31 40 39 31 45
46x46: 62 45 64 55 52 47
37x37: 21 26 28 21 22 25
43x38: 33 26 38 22 24 24
48x41: 43 35 36 34 27 32
41x35: 27 24 29 20 18 25
37x43: 30 28 32 28 22 27
41x44: 34 27 22 31 40 27
48x39: 51 43 43 54 48 49
41x43: 30 37 29 34 27 25
49x41: 38 29 38 34 37 31
38x46: 40 39 26 19 32 24
35x44: 42 35 38 39 39 46
35x38: 15 19 27 23 25 22
42x45: 32 44 34 35 33 32
49x45: 64 51 49 52 59 66
36x35: 34 32 32 26 36 35
49x41: 49 46 57 48 54 58
44x38: 20 35 22 29 30 31
43x45: 53 46 36 45 57 63
48x36: 21 41 35 44 27 24
43x50: 33 35 35 31 38 52
42x42: 40 54 53 44 36 46
43x36: 27 34 36 19 21 30
39x39: 40 31 39 42 39 45
48x45: 49 57 70 48 65 42
36x44: 34 33 24 27 25 24
36x36: 29 18 21 24 23 29
38x45: 35 21 25 30 33 36
36x38: 26 20 23 27 26 22
44x50: 57 57 65 49 63 46
37x49: 22 33 32 40 28 37
49x47: 64 66 55 62 48 59
36x40: 27 25 26 33 26 19
44x50: 52 54 66 57 53 59
36x48: 53 48 47 33 45 39
43x44: 49 44 46 57 52 41
43x36: 42 41 40 45 30 41
42x35: 21 23 30 32 23 24
39x40: 30 34 28 22 27 27
36x38: 29 22 23 23 22 24
42x46: 50 48 46 46 45 67
42x39: 33 28 32 31 32 25
38x49: 40 53 52 42 54 46
48x38: 52 46 45 50 42 45
49x42: 62 50 59 47 46 54
45x44: 33 36 37 33 39 32
40x39: 38 37 49 40 46 28
46x47: 40 27 48 33 37 39
45x37: 32 30 31 29 28 29
47x47: 60 49 54 69 50 58
45x44: 36 36 35 34 33 35
46x35: 40 48 40 32 43 46
39x43: 31 31 22 32 41 24
50x37: 40 27 34 26 34 30
42x50: 47 44 30 40 29 34
44x40: 45 46 43 51 37 50
40x38: 32 23 19 31 25 26
43x36: 43 42 35 50 30 37
37x40: 46 31 32 40 40 38
38x43: 39 23 32 28 27 19
37x45: 37 45 39 50 49 33
46x40: 44 42 61 46 49 42
45x45: 53 44 55 62 49 48
36x44: 25 22 32 32 27 29
44x47: 53 59 46 49 58 52
38x48: 52 51 46 51 41 37
41x36: 29 15 25 33 22 31
48x47: 39 41 42 38 35 44
39x38: 37 38 39 42 36 36
46x35: 23 31 41 22 26 21
47x39: 26 30 21 26 43 48
40x38: 25 22 26 28 30 24
48x40: 40 52 55 45 56 48
50x42: 34 34 46 31 35 43
43x46: 57 41 54 62 40 51
40x36: 23 24 28 30 32 18
42x40: 23 41 28 32 32 25
36x46: 53 33 41 43 47 36
47x37: 37 50 50 50 41 39
38x35: 40 40 30 33 33 26
37x39: 21 31 29 34 20 20
37x45: 32 53 44 46 41 40
36x36: 28 33 34 27 34 48
36x44: 35 43 45 29 49 45
45x43: 45 36 22 34 35 37
49x35: 30 29 28 32 21 36
49x46: 54 58 71 58 55 51
49x49: 65 68 57 59 61 58
35x50: 42 45 47 47 39 52
42x38: 43 41 42 38 41 41
49x35: 52 45 43 40 38 47
49x35: 33 31 23 25 25 38
49x40: 43 54 55 57 39 56
41x37: 37 43 40 42 43 25
47x43: 35 35 37 35 38 29
44x37: 44 42 47 40 35 44
37x40: 39 46 37 29 43 32
50x50: 61 63 71 69 60 61
36x49: 36 54 51 48 44 37
48x47: 66 66 54 53 45 65
39x40: 41 35 39 44 39 43
42x43: 29 37 30 36 26 37
36x45: 35 43 35 37 51 50
37x35: 20 30 28 17 20 17
47x37: 63 43 40 41 34 47
41x37: 50 35 38 33 33 47
38x40: 20 33 23 31 23 26
47x38: 47 51 40 52 44 38
36x47: 47 34 40 43 45 54
42x44: 48 59 44 38 53 40
44x35: 43 24 20 19 25 23
44x48: 66 56 49 56 49 46
43x44: 52 51 46 45 46 52
48x50: 72 54 59 54 61 72
44x36: 38 27 34 27 21 20
36x41: 28 27 27 22 30 22
37x40: 39 37 32 41 43 34
46x46: 29 41 38 37 41 39
35x48: 41 51 46 46 33 42
39x43: 53 37 40 42 38 50
48x48: 51 54 70 62 56 65
42x43: 30 36 24 32 41 33
39x36: 23 37 21 25 24 26
43x36: 28 24 25 25 34 31
37x35: 25 22 23 15 23 23
48x37: 33 31 30 29 40 28
50x36: 36 53 42 52 51 41
45x40: 45 33 42 47 57 55
40x50: 42 23 38 28 46 31
43x35: 30 56 39 38 33 35
44x46: 47 61 44 51 54 54
42x36: 31 38 32 32 53 49
36x44: 30 37 44 37 54 43
46x37: 44 46 54 35 35 52
47x38: 53 41 38 52 44 46
39x46: 31 32 25 43 32 31
46x39: 43 44 54 44 45 48
48x44: 38 40 40 39 38 28
46x43: 36 43 33 27 37 34
45x38: 24 31 38 28 26 32
40x40: 21 31 24 34 22 36
50x37: 29 29 30 37 26 40
47x37: 45 32 45 55 46 45
38x37: 38 19 35 42 32 56
46x49: 46 64 49 59 67 62
49x38: 49 50 48 61 41 34
37x35: 38 43 27 31 25 35
45x35: 44 50 37 36 40 33
37x35: 35 34 31 28 46 22
36x50: 44 31 26 33 32 26
44x42: 24 44 33 28 27 39
50x50: 61 56 68 70 63 69
46x44: 46 69 47 40 54 56
46x47: 46 28 38 36 32 45
36x50: 24 29 28 37 39 34
45x43: 36 37 35 32 34 36
48x40: 49 59 47 44 55 38
37x43: 42 49 43 37 39 33
48x42: 51 59 41 47 49 66
44x43: 36 58 51 44 51 53
47x43: 37 55 59 61 54 44
48x35: 27 30 37 32 20 30
42x40: 45 43 46 42 40 43
37x45: 31 26 32 28 31 32
46x41: 52 46 40 49 52 51
45x50: 62 52 55 63 59 54
39x37: 42 39 32 44 36 25
47x46: 35 33 34 37 45 41
41x41: 31 28 22 32 34 22
46x35: 28 21 29 31 26 29
47x36: 38 21 24 31 39 27
39x47: 58 39 38 43 48 58
36x45: 30 39 41 47 55 36
46x42: 40 34 32 31 32 41
49x41: 51 52 57 44 55 51
38x37: 36 33 42 39 30 38
38x35: 33 38 42 26 28 41
41x41: 43 37 53 35 53 38
36x44: 33 47 38 44 35 49
45x42: 46 49 44 45 59 47
40x40: 26 29 27 26 23 38
45x35: 43 32 53 37 38 42
37x36: 40 27 39 35 41 20
47x44: 52 50 58 52 57 49
39x45: 36 41 45 57 49 41
37x44: 40 43 44 43 44 35
36x41: 30 33 28 25 17 22
35x41: 32 48 39 29 40 32
50x46: 41 36 44 46 36 36
38x38: 35 32 36 31 47 43
44x44: 47 41 58 52 50 52
49x42: 41 38 36 38 37 34
44x44: 38 31 30 32 33 31
47x47: 33 46 33 46 32 34
40x49: 45 56 57 52 40 54
42x43: 28 38 30 34 31 34
48x40: 40 28 39 34 28 38
43x44: 45 63 47 49 42 44
46x47: 43 34 41 39 31 36
36x35: 20 21 17 25 21 27
49x49: 60 49 69 63 65 66
37x44: 44 33 41 41 46 47
46x49: 41 36 41 45 34 43
35x35: 15 25 15 21 23 22
47x42: 46 57 48 51 47 56
38x43: 22 27 32 32 27 27
43x38: 22 31 28 32 31 24
38x47: 25 30 34 28 27 36
50x42: 46 56 55 54 58 55
44x40: 55 47 44 42 43 38
45x44: 40 56 59 51 50 50
48x42: 68 50 57 38 44 55
43x35: 32 32 19 23 25 22
37x37: 33 35 36 37 28 45
41x45: 34 31 36 28 30 36
50x46: 60 56 46 70 59 62
47x43: 35 25 34 41 34 40
46x37: 43 40 45 44 42 50
38x36: 45 33 28 41 30 32
49x44: 29 34 40 32 44 44
49x48: 57 58 69 58 57 66
35x35: 25 22 26 15 13 19
47x37: 36 46 43 44 50 50
39x49: 42 29 36 26 46 28
36x37: 32 34 32 33 42 31
41x49: 39 48 58 54 58 54
49x48: 45 33 55 33 44 45
41x40: 48 54 46 34 32 38
40x41: 49 49 38 47 32 35
40x35: 20 21 30 22 25 24
39x44: 42 42 47 39 48 48
38x36: 30 42 35 34 32 39
35x46: 39 33 64 39 36 40
47x44: 50 50 54 61 47 58
41x35: 31 35 26 49 41 38
45x35: 28 30 24 21 37 25
47x48: 32 36 40 50 42 40
42x40: 25 26 36 29 27 38
37x36: 28 25 17 22 25 26
50x40: 57 46 58 41 50 59
41x37: 28 24 30 15 31 28
46x42: 44 57 56 40 61 37
43x44: 42 54 44 52 52 46
39x50: 48 45 50 60 41 59
50x38: 45 53 41 44 54 57
47x38: 40 26 33 21 29 31
50x36: 41 52 38 59 43 42
37x41: 19 34 24 32 18 29
40x45: 40 43 44 50 54 46
40x48: 36 35 40 41 29 27
43x35: 19 23 32 22 33 24
48x40: 40 43 34 28 31 31
37x39: 34 42 31 37 42 35
43x38: 43 47 35 49 37 39
35x35: 21 38 35 40 24 31
41x39: 46 54 33 33 33 48
36x41: 40 39 33 43 35 36
49x41: 56 59 55 46 49 42
41x36: 33 32 36 56 33 37
35x39: 34 33 44 31 36 33
42x39: 23 39 32 34 21 32
43x39: 41 42 37 41 50 48
43x48: 47 33 21 45 39 39
45x39: 33 33 30 40 25 33
41x46: 54 42 53 48 51 41
43x39: 30 28 25 28 29 42
36x47: 29 27 28 30 38 27
49x47: 55 55 68 65 61 49
48x36: 28 37 24 34 41 28
35x46: 34 48 41 47 34 45
40x45: 43 41 44 47 51 53
35x44: 41 34 53 41 34 35
44x42: 38 39 25 30 44 19
41x38: 44 37 44 32 40 45
47x38: 33 49 47 46 57 42
43x46: 38 54 59 54 47 55
45x49: 31 51 47 43 41 27
50x47: 50 39 43 37 37 33
46x49: 58 66 49 60 49 66
39x41: 30 33 23 31 25 27
39x38: 37 35 43 30 41 45
48x49: 57 60 53 62 69 60
50x37: 31 29 25 35 41 31
45x35: 25 33 27 26 26 27
47x46: 59 58 55 44 61 56
48x38: 24 28 34 41 31 34
45x47: 60 50 51 63 43 60
40x39: 44 36 41 32 48 39
46x35: 24 26 27 30 29 28
48x49: 42 54 49 32 37 42
41x50: 26 33 35 43 39 32
46x45: 62 45 48 66 47 49
44x45: 31 39 36 34 35 35
46x35: 46 44 37 38 40 43
39x45: 36 23 33 42 30 31
38x45: 41 46 39 45 44 49
41x47: 57 49 55 46 47 41
44x47: 41 42 28 29 30 40
50x44: 37 37 34 37 38 40
37x37: 28 42 33 32 40 36
41x50: 56 44 55 43 61 59
49x44: 41 40 28 29 40 46
37x49: 52 50 46 52 38 39
45x35: 43 35 40 37 44 45
43x38: 37 43 40 43 48 40
50x48: 35 46 38 49 41 46
39x45: 44 55 32 55 38 44
42x38: 48 33 35 47 48 31
46x38: 49 35 46 49 44 47
49x37: 47 39 46 43 56 49
46x37: 39 47 38 51 41 46
42x50: 59 56 48 60 47 52
45x36: 36 21 34 28 32 28
41x39: 50 41 44 31 42 38
41x37: 39 38 36 38 46 35
42x39: 34 38 22 27 31 30
46x37: 46 48 40 41 39 49
35x49: 33 51 39 44 43 57
47x49: 72 48 61 52 63 59
37x43: 34 40 45 41 51 32
37x47: 47 39 51 43 43 46
43x36: 24 28 26 33 28 28
43x41: 37 26 31 28 27 33
45x37: 41 49 44 39 43 40
41x49: 37 47 32 27 36 29
44x50: 47 33 34 30 36 44
48x36: 48 44 45 49 39 40
40x43: 44 47 39 42 48 44
47x46: 69 54 47 65 48 46
42x46: 52 60 44 53 37 51
49x45: 45 39 39 27 37 53
37x47: 47 45 39 37 50 51
47x38: 32 52 43 53 43 54
40x41: 47 37 43 50 35 40
48x35: 54 42 42 47 37 34
37x50: 49 42 46 54 55 35
48x48: 48 52 29 47 49 31
47x47: 57 56 47 55 61 65
44x46: 52 46 57 57 49 51
49x40: 44 59 32 55 60 49
35x35: 16 28 19 15 22 21
47x40: 28 33 34 33 30 37
38x47: 39 42 47 53 49 45
47x49: 63 59 56 50 60 69
38x46: 39 30 21 28 30 31
45x41: 33 29 32 29 36 36
44x44: 38 39 34 34 25 25
43x42: 35 40 22 38 30 31
48x50: 56 57 81 51 74 50
48x43: 36 33 40 35 47 32
42x36: 24 21 34 24 32 33
46x37: 36 33 41 46 56 52
36x43: 35 23 30 24 28 28
43x47: 34 35 25 44 39 32
42x50: 43 51 48 56 67 59
47x46: 62 64 45 56 53 50
35x47: 24 31 26 27 22 34
49x50: 43 31 53 38 48 42
49x39: 49 48 60 41 44 56
45x41: 52 47 39 55 40 51
41x48: 76 32 48 57 41 48
43x45: 44 39 29 32 31 35
43x45: 55 38 46 54 49 58
41x37: 38 45 40 34 33 46
40x38: 43 32 39 39 42 39
37x45: 40 21 40 32 24 22
35x38: 32 39 41 26 34 34
43x36: 33 43 49 38 37 40
35x35: 30 31 34 32 24 41
50x35: 18 37 29 30 39 23
36x44: 27 26 30 30 28 27
44x37: 20 31 31 33 29 23
45x46: 35 32 35 33 50 40
38x39: 30 37 42 36 41 45
38x38: 38 41 33 43 34 31
44x45: 49 56 58 43 52 47
46x46: 46 31 39 39 40 29
47x38: 31 28 29 26 39 27
44x45: 58 53 42 47 52 52
48x47: 45 40 35 39 36 45
48x37: 32 34 30 35 35 25
36x47: 36 28 19 34 32 30
45x41: 60 47 31 50 39 58
41x48: 29 35 26 36 38 44
41x45: 32 36 29 32 37 28
46x38: 56 48 35 42 44 42
50x37: 51 39 43 47 58 46
50x47: 34 45 28 39 38 56
46x38: 51 50 50 35 49 31